idx	label	predict	radius	correct	time
0	1001110011101011111110010011010011100011111100010110100001110010001011110101110000110010000100101101	1	0.064	1	0:00:08.686046
1	1001011100111100010111110011010000001001100101101011000011001110000101000100111001011001110000111111	1	0.064	1	0:00:03.606162
2	1010001101110100110101111100000010100001001101011101010000101001100011011011010111110011100011100111	1	0.064	1	0:00:03.965026
3	0111111110110001110001010111110010001101111010100100110110011010100001001111011110110100011000110010	1	0.064	1	0:00:04.117646
4	0110000011110011011010000011110011101010100001000011110110011000010111100011011110011011101101111011	1	0.064	1	0:00:03.346165
5	1001000100011001111010110110010011000000001100101011100000000101010011011100000100110010000000000110	1	0.064	1	0:00:02.939606
6	1001111110001011011111110111001011100010010001110001000111100011010011100010000100000001000000010011	1	0.064	1	0:00:02.992300
7	0101000100110011110111100110101001101101011010001100000101111011110011101011000010010111011001101110	1	0.064	1	0:00:03.039989
8	0010101111101111010001000011110110101011110010110110100110011011010101011001111110010001100001010010	1	0.064	1	0:00:03.091929
9	1100010000110110011110111000100101101000010101100101101010100101011101010111000101111100001001010101	1	0.064	1	0:00:02.748473
10	1111111000011111011111000000001000010101010110101111110011001110111110001110100100101010111001100010	1	0.0623	1	0:00:02.540247
11	1100101000001100001011011001011011000001100110000010000100101101111100000101101110100001101101110000	1	0.064	1	0:00:04.382643
12	0001010000101001011001010010100110000001111110010100111111110001001011100110101110011110011001100010	1	0.064	1	0:00:04.644960
13	1000000011111110111110100111011010011101111010100011100100110001110010010100010001011110111111110110	1	0.064	1	0:00:04.575237
14	0100100100010011111001100110111001111000001100110111010101100110111111111000100010001110100110110001	1	0.064	1	0:00:04.850695
15	1100111000011101100100001111100110011011010000100110101010101100010011110001000101000000101010110101	1	0.064	1	0:00:03.744917
16	0010111000100111001110111011000001110001101001110101111111100010111010011011010111110110001010101001	1	0.064	1	0:00:03.597470
17	1110010101011011000011001111100010001111100111011110100100110101010011001010110001111101101011001011	1	0.064	1	0:00:02.864169
18	0110011001111010001011000011101011111100101100100001111101010000110110110110101110101010011110000101	1	0.064	1	0:00:03.907230
19	0100100001110001111100110000011100010111111100111001011011011011001111010101110010000010100110011001	1	0.064	1	0:00:03.151889
20	0110001001000101001011100000101010110111000011110100001111000110010111111101101111111111110010101000	1	0.064	1	0:00:03.764824
21	1001000101011100000000001001100101011100000100100101001000001101101100010100110000111111010000000000	1	0.0623	1	0:00:03.339530
22	1101001101010000010011000100000100011100100111100000110101011010111011001001101011100010110111010001	1	0.064	1	0:00:03.823512
23	0101110110100010000100111100100101111000011011101011111101101000101010000001110101001100000000101001	1	0.064	1	0:00:04.159950
24	0101110001001010000001010001101000111111111101111110010100001100100110011000111011100010010001000000	1	0.064	1	0:00:04.566670
25	0110100001111011100011001110100010100111100011110010000100000000100000111101001000010100001100111111	1	0.064	1	0:00:04.993206
26	0001100000000000101001010101101001111100110110101001100110111101011000110011001100101101000011001000	1	0.064	1	0:00:03.900359
27	1100110110011010011011010010101001111010101111100111000110111100111110110111111101100010001010101011	1	0.064	1	0:00:04.636231
28	1011101100011010001001100011101001101001010110100100011010111100011101100001010001101010001111101100	1	0.064	1	0:00:03.830380
29	0010010111010000110000011101010001111011110011101001001100111101110001111110100111010001011110010100	1	0.064	1	0:00:04.303327
30	1011111101110010111110010101001000100100001000010010001001100001011101110111111000001110001001110001	1	0.064	1	0:00:03.584984
31	0010100110111000101011000110010000101010010110000111011110011011011000001100011110110010111110101011	1	0.064	1	0:00:04.469176
32	1000100101010001001001111111110111101011001001101010001110110110011110111110011101011110001011010110	1	0.064	1	0:00:03.500475
33	1001111011011000111100101010000011101101101010010111100001110011100001111111110010111000000101010000	1	0.064	1	0:00:03.035185
34	1111110000110111000011000101000001101001010011011010111001111100001100001110011100111001100011101011	1	0.064	1	0:00:02.722766
35	0101100110011111010111100100001001110001100010000000010010111000111110010111011100100001111110011111	1	0.064	1	0:00:03.356289
36	1000001111111010111100010000010101111001001001011001110111100001100111011111001001111001110001101110	1	0.064	1	0:00:03.050355
37	1100010000101000110111000101101000111111000111100011100101101111111110100101001101111010000000101111	1	0.064	1	0:00:04.282892
38	0011010001100010111001001010100110111111001101010001101001110000101110101000010011001001010001011000	1	0.064	1	0:00:04.880263
39	0011010011010111000010010000001000110011011100010001101101110100011111011111011101000011010000010010	1	0.064	1	0:00:04.356325
40	0111100110110001010100000011011010111010000100111010000110010100111111110110111100110000011110101100	1	0.064	1	0:00:04.779713
41	0001000101110100000100001010001101010001000110111011011110100010001101111101100000100111001100000111	1	0.064	1	0:00:04.964105
42	1000000111001111011100010010101000110001101110101101001111100000111010110100111111101001010101001101	1	0.064	1	0:00:03.514261
43	0110000110001000010010110010101010110111011110000111110111110010011101101110100101100001110000100100	1	0.064	1	0:00:03.460623
44	1010010011000100000110100001100101010011110110110110110011001000110100010010110110000011011000000111	1	0.064	1	0:00:03.426171
45	1000001000110011110110100100111111000000011001101111010000010011011101001000111010101100001110010011	1	0.064	1	0:00:02.904582
46	0010110111111100001010110100000110011101001101001010001100010101011101110111101000011010001101001110	1	0.064	1	0:00:03.403420
47	0110111101110000101110111111110011001000101110100011110011011001011010110001000001101011011011001101	1	0.0623	1	0:00:03.605460
48	1101100000110110111011111010010111110000101010111100011000011001000000010101111101100011101100000111	1	0.064	1	0:00:03.114106
49	1100110111010110111101111001101001010001100001011011010011010011001011010111010011101000101000010101	1	0.064	1	0:00:03.721952
50	0000010100101001011000001100001111010001101010011101001001010000110011000101111110100011000101111010	1	0.064	1	0:00:04.485812
51	0111101101000111100101000011100001011101000110101001000111110101111000101101011011010001101001010101	1	0.064	1	0:00:04.681799
52	0100011001110110011101100010101001001101011100101000111110000000110000001001101000100101011101110100	1	0.064	1	0:00:04.751212
53	1111001100110001111110100100001110101001101001100011000101101101010111000110010100100011100010100010	1	0.064	1	0:00:05.031796
54	0010001101110100011010000010110100110101000111110110110100101010111011000100000010100101101000101100	1	0.064	1	0:00:04.090460
55	0110011011101110101010110110111100100011111101000001110110100001111101111100001000100111110000010011	1	0.064	1	0:00:03.548992
56	0000011001111000001100100001001010111101001111110010110000111101111101101100101110100000010100111010	1	0.064	1	0:00:03.551288
57	0101011000000010010110110000000101011100010110001011111101000011010011001011010000000011100000000111	1	0.064	1	0:00:03.387060
58	0010000001110011000100110101010001010110010001010101100111010111111100101010000110011111100100111000	1	0.064	1	0:00:03.721737
59	1011100110111001011111000110110110010100100100000101010101010000001101000100011110100101110111101111	1	0.064	1	0:00:03.422829
60	0110010001000010100100111101001100100100001011100101001111101000011000110010001100000110110011001010	1	0.064	1	0:00:03.016685
61	0011110100110011010101101001111001001011001011110110011001001011011101100101110100110010011011100111	1	0.064	1	0:00:03.281117
62	1001011000101100110110000100100110001110111000111001111111001110101100101100000011000100111101100111	1	0.064	1	0:00:03.508020
63	1010000011100000011101000111000101001100101101111101111101010011000101100011111100110110000101010110	1	0.064	1	0:00:04.381149
64	1001101100110001110001010111010101101010011101001000000110011110001010111101110100011111111001000000	1	0.064	1	0:00:04.489948
65	1010001011000111111011011101011111000000111000010110010110001000001000000011101011011100011010100100	1	0.064	1	0:00:04.561724
66	1100000111110101100100010111011111110010011111110101111001011010111111010111011100100111101100010111	1	0.064	1	0:00:04.535220
67	1011000000010011011100111000101100101101111110101101110001010101110000100111101010100101110111001001	1	0.064	1	0:00:05.132612
68	1000000100000110010001010000001110000010111100111110001110101000000100101101101010101111010111011110	1	0.064	1	0:00:03.384244
69	0011010001000101001111010010110010010011100011110010111110110101011110101010010010001010001100100110	1	0.064	1	0:00:03.504134
70	0100100110010100001111011010010101110111001100010010110000111110010010001010110011010110001001101000	1	0.064	1	0:00:03.549922
71	1110000001110111010100001010011000100001000100101000111000101000100101101111111110101001011101010000	1	0.064	1	0:00:03.343927
72	0100111010101011010110110101000001010001010101010000000111000010010110110101001010111010011000000101	1	0.064	1	0:00:03.709501
73	0010011101100000010101111000101100000011101010101111101000101011111010011010110110011100100110000101	1	0.064	1	0:00:03.002248
74	0000110101000111011100010111010011111101101001111111111001011010111000001100101000100001111000111110	1	0.064	1	0:00:03.396868
75	1100000001000010000001101010001111000011010001110001111111010101110101100000101110001110111011010110	1	0.064	1	0:00:03.288467
76	1110000101101000101011010110101010100001011100111001101110101111100110101001101101111000101101110000	1	0.064	1	0:00:03.800107
77	0011100010011010010110111010111010111100000100111001010101100100100001110101011100110001101010100101	1	0.064	1	0:00:05.082572
78	0101110100001100111011011110011101011000010110110011010000110100101010001110100101001110011001101101	1	0.064	1	0:00:04.186913
79	0001000000101101000010101100010101111111010111101110000100101110000011011100010001101011110011010110	1	0.064	1	0:00:04.657372
80	1110101011110110011110101010010000011111010111000011100100010000101000101001000111101101000110101110	1	0.064	1	0:00:04.507576
81	1111011110101101010010110011100010010111011110000111101100111010000111101000110011011010100111110001	1	0.064	1	0:00:04.065157
82	1010110101001100001001101110001111011001100010111100100111101110000100011010111010010100010111001010	1	0.064	1	0:00:03.514517
83	0011110011000110101001001001100010011000000101100001100101110011000101101010110110111100011110111111	1	0.064	1	0:00:02.623009
84	0100101010011000111011010000110010000110000110000000101000001101110010110000011011000000101101011111	1	0.064	1	0:00:03.046586
85	0011011111110101101110000000111010011000110111110010111111001000011111011101101100011110011100101100	1	0.064	1	0:00:02.990843
86	1011100011001110111001110110111001000100011101110010000011010010010010001111110000100010111110101011	1	0.064	1	0:00:04.192753
87	1111011010010010001101100000011001100100011011110101000010001000001111101101000110110001010010001110	1	0.064	1	0:00:03.227647
88	1010111110110111101001111111011000001010100001011000110000010110110100001100001100011110001000111000	1	0.064	1	0:00:03.188922
89	0111011011111010001001000101000001100100110101010000111101001010000010010001001101011000100110001110	1	0.064	1	0:00:03.190114
90	1111111011001010001100111100000110110101100111100100000101111110101001011001101111111010001111111110	1	0.064	1	0:00:03.421352
91	1100000011000111111110000110001111110100010110110111110101011000000100001001000100011001000010100110	1	0.064	1	0:00:04.620108
92	0111011111110110010011000110111000111010101100110001011100101001010111101011010010101111100011110010	1	0.064	1	0:00:04.615617
93	0011010010111101000110011001010111111001001010101110001110101100111000000111001110001000111100001001	1	0.064	1	0:00:04.862110
94	0011010110001100111101100011111100111011011010110100100101001101110110111010001110000100010110110010	1	0.064	1	0:00:04.675001
95	0001011110100100110011011011001011000100010100111010010100010000011100110000000110011100101011001000	1	0.064	1	0:00:04.128580
96	0010110010110000101111000000110100100100101011011111011111100110001011000001011111101101101101111011	1	0.064	1	0:00:02.842412
97	1101111110000100011010010010001000000100110001000100011000001000101101011000100000011001000110000110	1	0.064	1	0:00:02.947382
98	1100000101100100100001111100110010100100000101110110010101100001110001100100110001000111001001011000	1	0.064	1	0:00:01.476297
99	0000111011100001110010101100101011111011101111111100000111110011100101100100100010011101001110011100	1	0.064	1	0:00:01.499537
