idx	label	predict	radius	correct	time
0	1001110011101011111110010011010011100011111100010110100001110010001011110101110000110010000100101101	1	1.91	1	0:00:06.135723
1	0011111110001110001000001001110101010010110000100011010111011001010110000011001100101010100110110011	1	1.91	1	0:00:03.754128
2	1111001000000011010011101011110011111111110001101011110001011010011010010111001101101110101010010001	1	1.91	1	0:00:03.769037
3	1101001010001101100110101000111010110100100110001011100010101001011001100111011010000100000001110100	1	1.91	1	0:00:03.750914
4	1100011110110010000101000110010000111101011001000000001101100111111010001001100100101110011000100010	1	1.91	1	0:00:03.757879
5	0101011100100100111011101000110000111101111001000011110111010110110101101101100101000101110010011001	1	1.91	1	0:00:03.763627
6	0100101001100001101011111001011011001000010001010001001001001111010010111011100000100010100111100111	1	1.91	1	0:00:03.834774
7	1011111010101111011010000001010011111011001101011101111101101000110110110111100010000010010100101110	1	1.91	1	0:00:03.764104
8	0111100001111101001111001110101100101110100000111100001000101100011001011001110111100110110001111110	1	1.91	1	0:00:03.773433
9	1110110011010111011011111011110100100001101011110000011101110100001010010111000101101101011011000001	1	1.91	1	0:00:03.771473
10	1111100100001000000001011110101111000001010000110010001111001001011011110001001000111101011010110100	1	1.91	1	0:00:03.768830
11	0110000000100001010001001100111011010001110101001111100101011001001001000111111110110010111001100010	1	1.91	1	0:00:03.819485
12	1000110000010101101000111100111101011001000110110001001001001100000000011000101111011000000000000001	1	1.91	1	0:00:03.813047
13	0101100010110100101111000111111110111000001100001101110010110110111100110000011110011110001010110010	1	1.91	1	0:00:03.792224
14	1000001011101101101111110111000010101101011111110011100110101110100010001000001101011010101110100000	1	1.91	1	0:00:03.780317
15	1101110110110111111100101001010001001110111000111111101101111111101110101100011111110110011110101101	1	1.91	1	0:00:03.774185
16	0000111000110111001010001010111110110000011001010001001001100001100100110010111100101110100000001100	1	1.91	1	0:00:03.765985
17	0000111000111001111101010111001110111010001000110100011001000110101100111101100100110111000100001101	1	1.91	1	0:00:03.798395
18	1011011110111000110101100100000110101001111101101000000101001001110011100000101100010111001010100111	1	1.91	1	0:00:03.783483
19	1010000110010110010010000101110000110001011111101001001011101101010111000000011011000110101010010010	1	1.91	1	0:00:03.814210
20	1111111110001011110110000011011010000000110001001011101000101010110011111000100010001001000001000001	1	1.91	1	0:00:03.875808
21	1011010111110011000111011101010010010000001101111111101101110101010100001100000110001001110100000100	1	1.91	1	0:00:03.922576
22	0100110100111010110100011100110010100011100000111110100010001110011010111001011101101001000110100111	1	1.91	1	0:00:03.886948
23	1010111010010010000101100000000101101111010111011001101110111010000111001011000111110111101001001000	1	1.91	1	0:00:03.918785
24	1010101110010011000111001100111100001011110011000100000001010000010101100011010000001011010111000100	1	1.91	1	0:00:03.839471
25	0110110111011101110001011000100100001000110110000010100110101001101010010000001011001101011111110001	1	1.91	1	0:00:03.850192
26	1000000101000000010110111011111001100001011101110101000011011101101110101011001011011100100101110111	1	1.91	1	0:00:03.928840
27	1110101011100110100011110111001011111111010111111110110010100101001010100001001111000010100011110110	1	1.91	1	0:00:03.901322
28	1001111111111000000111000000111010100111111111011000111010100001101110010100101010110000110010001110	1	1.91	1	0:00:03.830004
29	0000011000000000000100000001111000011000010010000001001110101111000110010001010010001011111000111101	1	1.91	1	0:00:03.857417
30	1001100101100010000001101100000111110111011111101100111110110010101101000101100000010010101110110011	1	1.91	1	0:00:03.888759
31	0101010011101100100000011011110101010010101101010100111110011001100100111101011010000010100101111110	1	1.91	1	0:00:03.873114
32	0010010100011010111111010111001011000110111100100101100011101001000001011110111011111110101010101010	1	1.91	1	0:00:03.886359
33	0101001000011101100011001001101110011000111011111000000011111110001000101111000001100111010000110001	1	1.91	1	0:00:03.956930
34	1010001000001111011101000000101000001111001000111111001111111101111010010000000010011110000010011101	1	1.91	1	0:00:03.927788
35	1110010001111110011101000111001000101001111011001100110110100110111110110100001101011010010010101111	1	1.91	1	0:00:03.844291
36	1101000001010010000111001111100011111100101011100101000110110110101100011110101001010010111001101011	1	1.91	1	0:00:03.850768
37	1001000100011100111101011110011011110110010100101101110010010011000011100101101111111001100011100000	1	1.91	1	0:00:03.869797
38	1001101000000101001010011000011011110001000110000001101000110100111010011100000101111100011110001111	1	1.91	1	0:00:03.820225
39	0110100000011010110111001011101111110110001111011111110101011110110001111001001011101111001011010000	1	1.91	1	0:00:03.790266
40	1110001010110000000001111110011101111000000111010101000000111100010110010011011100100101001100111011	1	1.91	1	0:00:03.816019
41	0110100011100111001110111000111000111011101111100000000111101001011001111011000000011101100111110111	1	1.91	1	0:00:03.788990
42	0110001011100101100111101001111101000010111001001000010110100001000010000110100111110011011011011101	1	1.91	1	0:00:03.803282
43	1100101100001011100111101001101011111101000011001100100000011011000100110110111010111001000111110010	1	1.91	1	0:00:03.793152
44	0110111000001000000111000110110001010100111001000000001001101101001101001101011111101000101110110100	1	1.91	1	0:00:03.806265
45	0010110101111100110101001000010111010111010101110001001101110011001111101000010001010111110100110011	1	1.91	1	0:00:03.799358
46	0001000101101110110010110101011011101000011101010100111000010010101011000000110111110100101000100010	1	1.91	1	0:00:03.789994
47	0100010100000000110110010011100101101101001001110110110111100100111110110101101010110110101010011000	1	1.91	1	0:00:03.879056
48	0001001111111010010110011110011110110111111000101001101000000000100101101001100000101100101100110110	1	1.91	1	0:00:03.824476
49	1110010101011011001110101011011110110100001010011111000010101000001001110101000101001110110000111010	1	1.91	1	0:00:03.779179
50	1111101101011011010101110010000011111011001010111000011100100101011001100100111010001000110111100111	1	1.91	1	0:00:03.795274
51	0001100010010010001111001101010100100011000100001000000001001111011101000100111100100011100100111011	1	1.91	1	0:00:03.782480
52	0111011111010101001000110011100000001001110000011110010001011100000001101100001001101001111010001011	1	1.91	1	0:00:03.798860
53	1001000100110010110010101100101000111110001011100000100110111000111110001110000101100010101001110111	1	1.91	1	0:00:03.776550
54	1000101000001101110000000001000011010100110010011011000101111011000000011110000010111000010101101001	1	1.91	1	0:00:03.788056
55	0100100110101100100010111001001010100010000110100101101001001001000101001010010101000101100100011001	1	1.91	1	0:00:03.776339
56	0111011010010001010001001101011100011010001000010010011110011110011010111010110100001001001101011100	1	1.91	1	0:00:03.886587
57	0011101010110001000000000100010100101100011001111011111001100010010101011110111101001110010101000011	1	1.91	1	0:00:03.787375
58	0001101100010110011001011011111100100100100101001000001101101010011000000100001010001000101101100100	1	1.91	1	0:00:03.826348
59	1111100000110010000000100110010010110110101110001010011011000000101000001011111010100100001000010001	1	1.91	1	0:00:03.824232
60	1011000010101110010100110001000010000011010111101001000110111000111011001100101101000001001011110110	1	1.91	1	0:00:03.801794
61	0000110001100011011110010000001101001110110000101110010010010001111000000101001110001111101110000001	1	1.91	1	0:00:03.810507
62	0100010111001011011010101111101111110000010101001010001011101001010000101101111000000000000011111001	1	1.91	1	0:00:03.799335
63	1000000010010101101011010001011000100101000011111001101100110101110101001110101101011100100100110100	1	1.91	1	0:00:03.807072
64	0000010101011011100010011000110110001010111111001010111110011000011111101010100110100001101000011111	1	1.91	1	0:00:03.814703
65	1001011111000000111111110111010001100100011110001110100000000011100000101100101111111100110100011110	1	1.91	1	0:00:03.797417
66	1100010101011001001001110010011011111110010101000000011100110010001110011011000101000011100111011000	1	1.91	1	0:00:03.811412
67	1101001101111110011000000010000011011100101000010111111010100111111100000101000000001110001011010111	1	1.91	1	0:00:03.802714
68	0000110010001010011101100011011100110000010111000111100000000000100001000100010110100001111100100000	1	1.91	1	0:00:03.881474
69	1101111001110001001000010101101111111110111100011110110011111100001110101101110110101011011111010111	1	1.91	1	0:00:03.822750
70	0110010101110100110011101001100101010111111100000011000110001010000001101111100100000111111111110001	1	1.91	1	0:00:03.808741
71	0001011111011000000100100011110110111100000110100100011011001000000110111001010100011111110100110011	1	1.91	1	0:00:03.814495
72	1100111000101110110111101100000111101101000101001111011000100010100100001100100101100100010101011101	1	1.91	1	0:00:03.804799
73	0101010010010111111010101011001011011000000100110000011011001111111000111100111111010101001000011001	1	1.91	1	0:00:03.799081
74	1101011100011110010110111110001101110011111011001000100011000111010010110100111001101010100000101100	1	1.91	1	0:00:03.803509
75	1000000111110010000001110011110000001110011110111101111010110011110101010111110111111110100011001110	1	1.91	1	0:00:03.798575
76	0100111000100010000001001101011011010101011110000100110100001101100101010011001110010100011011100000	1	1.91	1	0:00:03.811007
77	1100011111101111010100110000001011011001011011101000011000101010001111010011111001010101011011101010	1	1.91	1	0:00:03.807011
78	0011110000101110101111011110010011100010110100101100010001001100011111010110011100101011100101101010	1	1.91	1	0:00:03.805492
79	0001111111000000100000111001101110110111001010100010010100100001111001000100010101100010001100100101	1	1.91	1	0:00:03.811617
80	0001101001110011001110010011110100101011000001011011101110110110001010100010001010110100000110000110	1	1.91	1	0:00:03.823914
81	1100110000010001100100100010010110011000010101001111001110001011011001010100000000110011010010001001	1	1.91	1	0:00:03.822819
82	0100110011110010000001110101011011101101101011001101000111000100100110011000101101000000010111001100	1	1.91	1	0:00:03.784706
83	1101001010010101011101001111101000011100111111000000100111100010000011111011110111110010110011100100	1	1.91	1	0:00:03.785292
84	0001100000011011010000100100100010100101000110100001101011001100100001110100101100111101000001001111	1	1.91	1	0:00:03.802900
85	1000010011110110011101011001001010111011101010010010100111110001111010101011101111000011101000111010	1	1.91	1	0:00:03.780572
86	0000111100111111001110011010111011100000011011110010100111001011001001010101101011110101010000101001	1	1.91	1	0:00:03.787390
87	1110001100100001001010010001111010010011001100011001110011001110111111011110110100011010011110001000	1	1.91	1	0:00:03.782742
88	0111111000100111011110001001101011101010001100010110011001101111010100010000100011101001110000011001	1	1.91	1	0:00:03.783719
89	1110111001101011001111111110010100110100000111111101110101000000101111101000000100001010000000010010	1	1.91	1	0:00:03.785992
90	0111000111111101100011101001111101010101111101101001101001000010101010010101000010100100000101001111	1	1.91	1	0:00:03.779752
91	1100101100000110011110100110111100001100101110111110000100110011101101100111110110010011110001011110	1	1.91	1	0:00:03.819497
92	0101010001010110010000010001100101001000010011001011010110000101101001101111000011001110110001111001	1	1.91	1	0:00:03.784806
93	0000100001111000100011111110101111001010010100101010100001111011000111110010001101110001001011001001	1	1.91	1	0:00:03.789313
94	0110000011111100101011001110000000011011011100010001011001011001000011111101111011011010001011110011	1	1.91	1	0:00:03.797696
95	0011100100000001100101000111110001110010000111011111111011111001000111000100011101111011001000010100	1	1.91	1	0:00:03.796147
96	1011011010000001011111110000100001100001111110010110000101000100011101001110100100000111001000001101	1	1.91	1	0:00:03.809894
97	1100101010010001110011001001001011100011110111111000001001101111101110011010111100001011000001000101	1	1.91	1	0:00:03.792670
98	1100101011100000110010111111110101110100110110010011011000111001000111000011000110010001001100100101	1	1.91	1	0:00:03.781370
99	1001010010100010010111101001011010111101110011111101110001000110101111011011111110111111111000001011	1	1.91	1	0:00:03.845426
100	1110101110000111011000011011100100100000011110101101110010010000100000100010010101000011100100011001	1	1.91	1	0:00:03.789649
101	0001101010111110000111110010101110001101010100000111111000000101010101100100110010101001010000001001	1	1.91	1	0:00:03.792969
102	1011001000111001110000111000101001001101001010110111110111100010010011101101010000110001100010011011	1	1.91	1	0:00:03.788372
103	0111100111011100100001101000011110100111001111100000000110111001100111110010011100011011011011000011	1	1.91	1	0:00:03.783978
104	1110111010101111010111111001100000000111000111010011101000000100011010010110010110001111011110000101	1	1.91	1	0:00:03.780528
105	0011010000110001010111110101110001001010100000110000001111100100101100100111101111101111100000010101	1	1.91	1	0:00:03.782243
106	0101111110110011010010010101001011010101001010000011000000100010101000100010010010000001010101110011	1	1.91	1	0:00:03.788953
107	1010010000100111000000000101111101001000011110011100000011010110000010010111010001001100001111110110	1	1.91	1	0:00:03.782216
108	1001001000001101001101000011100100001011011111111010010010101110010000000000000100010100011100101011	1	1.91	1	0:00:03.788049
109	1000111011111100011011010001110010000011010001110000001011110100011101011111101001001010100010000001	1	1.91	1	0:00:03.782054
110	1000010011000000010110010101110100010110000011111110110100000111101111101010011110111101111010001000	1	1.91	1	0:00:03.784697
111	0111111100011011010011100100101110010100001110001010111001010000001111111011111111001000101111011001	1	1.91	1	0:00:03.788248
112	1000010011100110100000011010000110001100111101110110111100010001111000010000010101001110110010110111	1	1.91	1	0:00:03.781029
113	1000011000011100010010111101100100001100111101100100000111001101011011101011011010010010111010110111	1	1.91	1	0:00:03.790196
114	1110000101100110011110010011010110110101001011101111100010100101110010011101000110110100010110110001	1	1.91	1	0:00:03.785470
115	0100100111011001110010010001000101110100000100111010110101000001101111111100101011010100001000111100	1	1.91	1	0:00:03.784988
116	1000111101110000001111011011000000010110010100100011100110000110100011111100100110100001101100001100	1	1.91	1	0:00:03.808869
117	0011001100010111100000100110110110011100100100111111100101001001111110011000001011010010001000010111	1	1.91	1	0:00:03.782111
118	1011000011100011100001000011011000011100011100010111000111000111110101010011110100011011011100110111	1	1.91	1	0:00:03.816154
119	1111100010001110000001101111110100100101101100100001010101010010001110100001100101010100100001101011	1	1.91	1	0:00:03.800670
120	0011101111110011101000111100010111100011110110001001100111001101111111111110011111010010011001100001	1	1.91	1	0:00:03.774628
121	0000001001101000110001111000010100101011110111010010111110100111100010111111101110000000011010001110	1	1.91	1	0:00:03.796250
122	0010001101111001011001101110110001110001110100111100001010011110100110011101010110111010111101001011	1	1.91	1	0:00:03.792664
123	0001101000001111011010001001010111111010001110101001110101100110111110001001011000011100100011111111	1	1.91	1	0:00:03.806077
124	1100000110111000101100100110100000100010011111010000001010000001101001110100111110010010101010010011	1	1.91	1	0:00:03.778194
125	1001000001011101110001101000110100001011110100011100000011000010011010101101100110000011001101011111	1	1.91	1	0:00:03.788594
126	1110001111001110111110011111100101001101111010100001100100110001011110110110100111011110101101001111	1	1.91	1	0:00:03.780041
127	1011111111000011011011000101110111000001010100111100101110101111010011000000111101111011011010001100	1	1.91	1	0:00:03.787118
128	0111100100001110111111001110110001100100100000000100000001111011011100011101011000110010011010001010	1	1.91	1	0:00:03.815877
129	1001000110111111100000100001111000111011101000111101111101011110011111011101001110111011010011000010	1	1.91	1	0:00:03.782324
130	0011011010000111011111000001101101111101010000000111111011001000100101111011011110101011100100100111	1	1.91	1	0:00:03.861197
131	0011110010011011000111010010101010100010110000101010101011100100100011011101101100101100000011010101	1	1.91	1	0:00:03.785896
132	0000011110000000110000110110111110011000110001010110111110011000011110100100010010101010011111101011	1	1.91	1	0:00:03.778901
133	1010100010100010100011111111101110011110101100110101011011000101000000101011010000010111111000001100	1	1.91	1	0:00:03.791004
134	1110000101100010011001101010100110111111100100101111001010000100101110100110001011000000011111101101	1	1.91	1	0:00:03.784878
135	1011110101110101000111000000110111011000011001011000100110010111110010010010011101110000111011011111	1	1.91	1	0:00:03.791634
136	1011011011111110011000010100010100110010111010100010101011101000101101010111111000101010110101000000	1	1.91	1	0:00:03.822478
137	1101111100001111100100011000110110011110000100010001100000111111100011011100010110111110010001011100	1	1.91	1	0:00:03.816693
138	1000111111110101111011000101000111100000001010101101000111111001010101011010110010111111011101111110	1	1.91	1	0:00:03.787741
139	1100101110111001000111010111000100111010011110011000110011001000101001111110111010111110110100100100	1	1.91	1	0:00:03.810011
140	0011100100110000101101001000110110011110111100110000001001000000001110101100001001010000000111111010	1	1.91	1	0:00:03.789289
141	1000001100000101110000001100011110000010011110101010110011000001101110111110101000010010011110100001	1	1.91	1	0:00:03.806363
142	1110111101101101000001101000110111101111101001100000111011110111011011100010000001010010101001010101	1	1.91	1	0:00:03.790685
143	1110010111010000101110111001101010111011001000001101100100011100100000100011000010000101111111001000	1	1.91	1	0:00:03.800012
144	0110110110011100001001011001010110110100010010000011010000000001101101011100011000110011010000111100	1	1.91	1	0:00:03.783580
145	0001111000011110111001100001000001011101101101101001001001010101011100011110100110011010010111101101	1	1.91	1	0:00:03.807470
146	1111001111101111101010010110111001000001111110100101000111110011111111011100011110011000010000100000	1	1.91	1	0:00:03.864020
147	1111100100100001111010101001111001101000111010101010011011110010011110010111010111100110010110110101	1	1.91	1	0:00:03.795636
148	1010100010101100110100101000011001101010010000110011101001010000010011110100001110010110001010101010	1	1.91	1	0:00:03.803179
149	0111111100101101111010101000011101000111001001011001011100100101110101101001110000000011101100001000	1	1.91	1	0:00:03.797227
150	0100010100001011000010000001010010010000010111010111111111011001010011010011001101010111111010000011	1	1.91	1	0:00:03.821185
151	0000100100110111101100001000110011101001111011101101000011111010110110111011101100111101010001001011	1	1.91	1	0:00:03.813883
152	1000100000010010000110010100101111101011101100101111110001111011001010010001001110011100101101110000	1	1.91	1	0:00:03.799014
153	0101100110110011000011010110011010111111100011100001000101110101100100001011001101111001001010110001	1	1.91	1	0:00:03.803539
154	0000110100111111010010100100110010001001011110110110001001101110100101000011011100000011010000010111	1	1.91	1	0:00:03.817450
155	0000011110010001010001111000011110101110010010000001110010110111101111110000000110001111100001011110	1	1.91	1	0:00:03.802978
156	0010111101011010101011011101101010000101010100111000111001011110000001111101000110010100111010010100	1	1.91	1	0:00:03.829958
157	0001110010101101110100010001100110010000101101100101000010011110111111100011100010010001001000110011	1	1.91	1	0:00:03.806914
158	0100011101100110100111010000111110100010001100010100000100000100001011111101111011011000000111101101	1	1.91	1	0:00:03.821893
159	1001100110010000010001111100010101011011111001101010010010100001100100101110001010111000101010101111	1	1.91	1	0:00:03.805205
160	1011101100010000100110100111010100011110001111101001100101010111001111010100110000010101011111101101	1	1.91	1	0:00:03.815549
161	0100111111111000110101010100110010000011101000111100110110101011011101110001001010110110110001100101	1	1.91	1	0:00:03.870792
162	1000111000011001001100000111001010010000111011001100101001010101000001101001001110110010001000010110	1	1.91	1	0:00:03.811368
163	1000001110111101000110011101001000000011111100110101101011101111110011000001111111110001101000111010	1	1.91	1	0:00:03.809162
164	1000100111101011100111110110011001010001001110010010000011100010101111110111111010110111000001010001	1	1.91	1	0:00:03.807277
165	1101010101011111111000111001110010110001110111011010011011110011110100001001010001011100100111011111	1	1.91	1	0:00:03.808457
166	0001110010111101001100001000110001100110110011000000110101110110110001000111111000101011000011111000	1	1.91	1	0:00:03.805191
167	0111010110000010001110001110011011111001010110000010111010101100011111100010010000100001100101111000	1	1.91	1	0:00:03.798574
168	0000111110000101110011101111011100111001001001101110101110010111110011110011111010111100100010001000	1	1.91	1	0:00:03.798218
169	0010111010111011001010010011011101011110011111111100001101011101011000010011011001000011001101111001	1	1.91	1	0:00:03.788015
170	1110101011111101000010001011110010101010110110011101010011011100100111110011101011100110010011110011	1	1.91	1	0:00:03.802942
171	1110001101111110011010001101110010001010010010101111100100110011110001000011011001100000111110000111	1	1.91	1	0:00:03.799236
172	1000101011110100101100111111111001110001011010001011011010110100011110000101100110000101110011100010	1	1.91	1	0:00:03.784970
173	0111001111011010101111001011001110001110011111000000000001010001101100000110111100000110100101110010	1	1.91	1	0:00:03.788894
174	0010001001100001000100011011001110111100101000010111000100011010010001000101100110110010011000011010	1	1.91	1	0:00:03.790092
175	0000011010011010000001001110001011100101000111111001100011110011001110110110100111101000001110001100	1	1.91	1	0:00:03.789634
176	0101110011110100101000001011100001100110001011111010000011101011001101001110011000100011110000010001	1	1.91	1	0:00:03.801470
177	1000111011111110111111000100100010100010001101111111101110100100111100010111100111110101000100000000	1	1.91	1	0:00:03.812443
178	0011101101110011111100000000001000110101000101011011101010000011011011101101100010110110000100001111	1	1.91	1	0:00:03.783745
179	0110011101100001001011110001001000010001010101111001000011110111001011011001100011100111101100011101	1	1.91	1	0:00:03.815665
180	0111111111001011100101010010101001000110110110111101101011110011110010110100101101110000101101100011	1	1.91	1	0:00:03.785045
181	0111100011000101101010000100010010001110011111110001011111000110000100001100010010101100011000000100	1	1.91	1	0:00:03.831908
182	0100110001001111011111111010001101101011011100011101001011011000011101010001111101000110111010101011	1	1.91	1	0:00:03.805750
183	0001001111001011110111110100001101010011110011111001110000111011010100001000000010001011001110100111	1	1.91	1	0:00:03.798752
184	1011000111010011000101111011000101110010000011011110000010111000110011011001010100100011100001001110	1	1.91	1	0:00:03.795714
185	0010110001111101110100110111000011000101100111110010001100100001010000001011101100011001001000001100	1	1.91	1	0:00:03.801409
186	0110010011101000001100110111100101000001010110011000111011111111001111000011100101000001010100110011	1	1.91	1	0:00:03.809645
187	1111011010110001000110011010000011010001101100101000000011110101101101000100100111101110000011101100	1	1.91	1	0:00:03.803108
188	1001111010000000110111001110001010011000100100111011101100110101001110101100000101111011101000001111	1	1.91	1	0:00:03.799020
189	0010100110101111010011000000011111000101100110101010101000001010100101110100101001011010111111000011	1	1.91	1	0:00:03.820150
190	1110000100011010111111100101101001011110000111100110011101101011001110111100000100010111010110110111	1	1.91	1	0:00:03.859461
191	0010010001101101111110100110110100010001011001100001110101100111001101110001010000110010100101110001	1	1.91	1	0:00:03.786471
192	1001110001011000011000100010101001000110111000011110111011011011001000110000010000010000111111000001	1	1.91	1	0:00:03.843442
193	0001111110101010010011011100110100111010110101111001100001100001011110000011110001111000111111111100	1	1.91	1	0:00:03.787624
194	0011100000011001100011110011000110110110110100011010010011000100110011111101100101101010101111010101	1	1.91	1	0:00:03.786321
195	0011111001101110101001111001111010001110100101100111101110010111000110100100101000000111001101101001	1	1.91	1	0:00:03.788401
196	1010001010111010010011100101000001111100111111001011010010001010101100011011001101001101101101101000	1	1.91	1	0:00:03.790322
197	0010010010101010001000101000011101111011001111100000101110110010001010000110111001001000010111010101	1	1.91	1	0:00:03.787827
198	0000100110011100111110101000010101100000101010110100010000111101011011100100111011101111010111101011	1	1.91	1	0:00:03.787043
199	0010011011110011101000111110110001000001101000110100101000101011100111001111100001110011011110110001	1	1.91	1	0:00:03.784266
200	1101110000010100100011110101001011000011101100111110001101001110000011010001111110001010011001000001	1	1.91	1	0:00:03.782465
201	1100101010110010101001001010001011111000100000101010000001111000110001101011101001111000000001100110	1	1.91	1	0:00:03.781244
202	0100101000111101100001000010111011011010110001100111110100100001000011000111000101110100011110001100	1	1.91	1	0:00:03.787084
203	0101111101010001000101111000011000000101111011010100100011101111101111010101010110110001011101010101	1	1.91	1	0:00:03.783621
204	0010101101001011100001011100100000001010000101111111010100010010110100000111100010110011101000001001	1	1.91	1	0:00:03.783807
205	0110111010010100101101101010101010000101110011010010011001011011100100000101101101010111111000111100	1	1.91	1	0:00:03.791064
206	1100000010001111000111011100110010010101000111001101110111000010010100011110100000101111000111100000	1	1.91	1	0:00:03.784505
207	1100110111110011110100111110010101010110110100010100100110011001010110100011101101011011101100111110	1	1.91	1	0:00:03.782892
208	1100010100111101011011110111111100101011101011111100101101001001011000000100010011001010110101000000	1	1.91	1	0:00:03.796595
209	0101011110110001111111100111000111011010011101100010110000011101010010110000000101000110111011010001	1	1.91	1	0:00:03.797333
210	1010100111000100000010100001000100001000100110011000100110111010010000111010000001011001111001010011	1	1.91	1	0:00:03.783660
211	1000000000001110110010011010010101010110110011011001010100100001111011011110011110001111111110000001	1	1.91	1	0:00:03.800721
212	1011000011111001000011100011011110100101110011010000110101011111010011110110101100111111001100001011	1	1.91	1	0:00:03.794557
213	0101110001111110101000001101001010100100100001011010000001101011111111010111011111111101001011111010	1	1.91	1	0:00:03.785986
214	1000100010001100010000010001101010010000010100000001011110001000001001101010110111011101011010101101	1	1.91	1	0:00:03.784139
215	0010100010010110001000011001100001001001100001101101110011111011111101000000010001000011010101110001	1	1.91	1	0:00:03.787492
216	0010010101001010110000110010111011111111100011011101111010000110010010001011010010101010010010101111	1	1.91	1	0:00:03.786949
217	0010000000001010101010011110111110100111011000100101011110000010101010111111100110011001110111111000	1	1.91	1	0:00:03.787278
218	0100101111010000000101000011100001011110101111000100011010100111110011000011101010101110111110000001	1	1.91	1	0:00:03.791686
219	1011110001011101100001101111011111001001001110010111011100011100100101011010100011101100001101100001	1	1.91	1	0:00:03.786874
220	1011101101111011100111000011010001010010101001111100101000111100101001001000011101001111100000110100	1	1.91	1	0:00:03.790464
221	1101000101111000101111110101000101000110100011001010001001101000110101011100000101101100101000010110	1	1.91	1	0:00:03.790488
222	1101001001010101011010011111011011111001000001100000110100000111100100001111010001110101111111001000	1	1.91	1	0:00:03.787558
223	1001011111010001101101000101010101110110110100110011100100101100111101110011110100101111101001011011	1	1.91	1	0:00:03.843119
224	0010001111101100011000010001000101100010000100000000100110101111011100000011101101010100100000101110	1	1.91	1	0:00:03.795105
225	0100101001010110000100111001000001101010000010010011010001101010010001110101101100110010111001101010	1	1.91	1	0:00:03.826331
226	1111001111101111100000100001100110101000010110011110101010011011100000011010001011000111101011001100	1	1.91	1	0:00:03.789817
227	1011100011111010011001100011110111101101000011101110011011110000101000111011101011000110111010001111	1	1.91	1	0:00:03.781971
228	0001011110100001111001101111011100000100010010000110110101001011110111011001111100101010011001010000	1	1.91	1	0:00:03.784643
229	1011011101000111110001000111000110111001111100101010010111001011000001011111101001000110000111000100	1	1.91	1	0:00:03.798943
230	0111010010001000111001001000110000000000110011001101101111010000010000100100001000001010100010101011	1	1.91	1	0:00:03.796439
231	1000101001011010111011010111111001011100011000001101101001010011110011111101000011001111100001101001	1	1.91	1	0:00:03.787432
232	0110111001111101001101111010101100010110001001010101010010101010011100100100100001100001011011011000	1	1.91	1	0:00:03.791618
233	1101011110011111001101000110000101100010011101010101010100011010110111111100110001000010000100000101	1	1.91	1	0:00:03.792616
234	1100101010101100100101100010010001001101000111101000110101000011001011000111100010010101101101100110	1	1.91	1	0:00:03.791593
235	0011000111101001001111111011001001010111001110110101010010100010101011100010011000110010011111010010	1	1.91	1	0:00:03.797232
236	1100001000010011010000000100110010111011000111111000100010111000111100100101111111111010100011100101	1	1.91	1	0:00:03.821282
237	0101110000101011011111001010110111000110000111010101011111100011111100000011000011111010000001110110	1	1.91	1	0:00:03.781420
238	1001001000010100110111001011110001100001001110100000100110000010001110100001110101011110011011101110	1	1.91	1	0:00:03.788038
239	1000111011010100001100011001000011001110101001101011100000000101000111110011100010001100001110000110	1	1.91	1	0:00:03.788149
240	1000110010000110001010100011110111001011101110110011010001111100011000010000101111111010110110000011	1	1.91	1	0:00:03.793168
241	0011101110010100111111010011101010101010000101001111001011011100010100011001111100110100010010011000	1	1.91	1	0:00:03.793036
242	0001011100101101011000101100010011110011111100001001001010010010000100010000010111010011111101101100	1	1.91	1	0:00:03.795076
243	0110101100011110110101011111001111011110001101011100101001100011111001110001000001101001011011101000	1	1.91	1	0:00:03.788819
244	1011000110110001000001100011101001111100101001100110111000010010100000000000100101101010100000110101	1	1.91	1	0:00:03.789944
245	1011011101101001001010001111110011110011101001111001101111110000110111010010111111011011000100001001	1	1.91	1	0:00:03.784967
246	0000111010001100101010000010101000010011101001101110110111101010111100001111110111010101000010100010	1	1.91	1	0:00:03.791211
247	1101010101101010101010111101101111110111111110000110011100010000001100110100010001011101011111100010	1	1.91	1	0:00:03.783353
248	1000101101010000001010100000100110100001100100110010000011000011110101111010101110001011000010010000	1	1.91	1	0:00:03.787114
249	0110100110101110000110110111111000010110001101110101101100100000101110100111101100100010101100000110	1	1.91	1	0:00:03.789658
250	1000000111100110100110000001001001010111101001010110010111000000100100010100000110001111101000101000	1	1.91	1	0:00:03.789544
251	1001001110101111111101101111100111111001001000100100010111011000101001110100001110110011111000100110	1	1.91	1	0:00:03.785526
252	1010110000101111011010011111001110001010000111001100000000101100101111100001111001101100101010001111	1	1.91	1	0:00:03.788517
253	0000010000000110001110000101101001000011111000100000011101001111101110101110101101110001100010100110	1	1.91	1	0:00:03.791697
254	1100011110000000001111011110011011111010010010100010000100100100001100000011011010110110011111110101	1	1.91	1	0:00:03.859675
255	0001011011011000000101001110111010000100101101001011000111110010000111101000110110011101011011111000	1	1.91	1	0:00:03.803648
256	1100100011101010111110100101100000010110110110100110010100001010000001000110101010011111001011001011	1	1.91	1	0:00:03.799950
257	0000000010001001001010110100001000101111010100001011001100010100010011101010010000111110010101100001	1	1.91	1	0:00:03.786232
258	0000100101011110000001100010101000100100100100001010100110010110110011111011010001111010101111011001	1	1.91	1	0:00:03.799393
259	1011111011110011011010010101110000011010000010111000001010000000010101011110110110110000101001100011	1	1.91	1	0:00:03.792544
260	1000101001001110100100011111010001111000011011010110001100111110001010101111000000000101100001111110	1	1.91	1	0:00:03.803120
261	0101001010010000101111110101001011101000010000011100110001001000001100010000001011111011100001110000	1	1.91	1	0:00:03.803161
262	1100110101000000010101111001100010110100010011110011000010000110011010101011100100101110110111010101	1	1.91	1	0:00:03.791718
263	1101101000000110111101001100011110101111011001111101001101011001110000111010101100101001001101110110	1	1.91	1	0:00:03.797787
264	1110000000101100101101110010001000010100010000011010001001110110001011001010111001001001110100100011	1	1.91	1	0:00:03.794828
265	1011111001110000111011100101111011100111100011011110110100001100111111111000110110011111111001110001	1	1.91	1	0:00:03.789950
266	0111011010111010101101010000101110001000101100010011011011101100111000111010011010000101001010110110	1	1.91	1	0:00:03.794153
267	1110111001100010001000110001011100101000010011000011000110110011000101100001010001111010000000101100	1	1.91	1	0:00:03.820962
268	0111001111010011011110100110000011100101001111010011010101010010011111111000100100011111001111100100	1	1.91	1	0:00:03.806755
269	0010100111100011110001010111010111100011011110100100111000001110100111010010101101111010010011111111	1	1.91	1	0:00:03.795669
270	1010101001011001101010110010001101110011011111110001000110000111100000001110101011111011100100100110	1	1.91	1	0:00:03.801002
271	1110010000001101101001011110010000100000100111100000101100110100011100101111010101010010001001111100	1	1.91	1	0:00:03.793953
272	0110001100011101101001011011110000010011000111011111100011111110011111110111010100101010010100111001	1	1.91	1	0:00:03.788652
273	0110010100001011000010000100101001010110011111010111100010101100011101100010011001011101100011011100	1	1.91	1	0:00:03.784350
274	0101111001101010010101100001100101000011110111111101000001011101000110101100000110101010101001111010	1	1.91	1	0:00:03.801853
275	1010100100011001011111011100011110110010011111001111000010100010011001011010000000101101001001010111	1	1.91	1	0:00:03.794555
276	0011111001000110000000111110111101010011100100111110001100110111100110110011101100000110001111000111	1	1.91	1	0:00:03.793995
277	1011101011011100101110001111100000101100011000001011000000101011010100101011100000011000100011100110	1	1.91	1	0:00:03.794109
278	0000001100101001110100111100001110010001110011000111000001110110010010000110100101100110000000101101	1	1.91	1	0:00:03.792222
279	0111000010111100010010000011100000001001011110101011000110101101111110100111100111101010010011110010	1	1.91	1	0:00:03.802924
280	1000011110100001000011010001001011111001101000001111011001001110011011000101101100000101111010101100	1	1.91	1	0:00:03.792869
281	0111110001110110101000010001110010111100000000100001110110110000000011111010010010001100111101001101	1	1.91	1	0:00:03.800481
282	0011011101111011010101100000101111011101011010100011101101110010011111100010100011101101010001010101	1	1.91	1	0:00:03.808697
283	1010010000101000011011110010000110100010011010111101000101100000101001000110110011001111101001111110	1	1.91	1	0:00:03.802747
284	0111001101100010110101010000010000111010110111000000100111101110100011000110001101100010011011110110	1	1.91	1	0:00:03.789959
285	1001100000101100111000010001011000011001001111110100000010111011011101011111100000111111000101010100	1	1.91	1	0:00:03.858069
286	1101000010000101110101100101010111001100111001001111011100101100101100111100001000100001110010110001	1	1.91	1	0:00:03.786893
287	1100011011001000000001000101111111000010000111010000100101000001011011000010101110111110000001000100	1	1.91	1	0:00:03.790205
288	0010101001100100011100110101001101100111110101110100101111101011100111110010101000101011001011100010	1	1.91	1	0:00:03.793999
289	0001000100000010000000111001110011001001101000101101100100011110100110101111010000101001100110110011	1	1.91	1	0:00:03.800661
290	0111001110001101111010111010110000010100010110100010010010111100010011000011110010111100011010011101	1	1.91	1	0:00:03.785015
291	1000110010100011111000111111001101100000001011001010001111001011100101001110010100010100011011110011	1	1.91	1	0:00:03.800131
292	0100011011000110111110000011011010001011000011010111111100110010101000001001101001110100000101001110	1	1.91	1	0:00:03.788266
293	1001101100111111100110110000001011101101101011011110101011001111011100111010111110110110001110010011	1	1.91	1	0:00:03.785168
294	0101010111110101111100100000011100000100011110111001110001000110101111111010111110011010110000101010	1	1.91	1	0:00:03.792475
295	1111010011011011100111001011111000100110001000101000000110001110011001011010110101001100010111101000	1	1.91	1	0:00:03.783215
296	1110010000010101001000110101110100111000010111010000100101001101110101011101000001100100101001010011	1	1.91	1	0:00:03.784918
297	1100000000010010000100101110111101100110110001000011010101001000000111010100000100100010111010100010	1	1.91	1	0:00:03.787396
298	0100011100010001000001000101001011101111010101110000001010000101001111010101001001110101011011101000	1	1.91	1	0:00:03.778254
299	1001000111010001010011100110000110111111100000110000011100011110101110111101001101111100101101010011	1	1.91	1	0:00:03.782785
300	0011010110000010110011111101001000001110111011010111110000100000110001001100011001111100001010110011	1	1.91	1	0:00:03.783755
301	0110010111101011110110010010001010011010110110000101010101011001010011110101001101101000110111010110	1	1.91	1	0:00:03.779691
302	0010111110010000001110011101110100101110100110011111001101001011111101111111011011001000100001101100	1	1.91	1	0:00:03.788537
303	1110110101110101001011101000011100111011010101001101010100000100001011011100001001000110001011011010	1	1.91	1	0:00:03.785547
304	0011101011001111101000011010010101000110011111111101010100100111111110101010111111000101101100011110	1	1.91	1	0:00:03.781129
305	0111101110100010011010100001100101100100000101011110101100111111111000010101111001110000101011001000	1	1.91	1	0:00:03.786843
306	0111100001010111000011000011000010011010100111101011011111101111011100100111001101000100100101101101	1	1.91	1	0:00:03.783086
307	1100100101111000001011111010000000010111100001001000011001111111101110010111011010011110001100001110	1	1.91	1	0:00:03.782195
308	0111110000111000010101111011101001111100100001111010100010001111110110100000110101110111100100000100	1	1.91	1	0:00:03.795757
309	1011010001011100001111000010000110110000101010100010110111000010000110011111101010100001011101111111	1	1.91	1	0:00:03.784420
310	1010001011100110011101110000001011101010111001101000000100100110001110111100111011101001011010000000	1	1.91	1	0:00:03.788213
311	0110100001000110110011010000100000101101101000110000100100000100100001101100001100111110010111000111	1	1.91	1	0:00:03.779267
312	0111101010110111110100100111010101110011100100001101011100111110111101011101100011010100111010100010	1	1.91	1	0:00:03.782017
313	1010001001100110010111100111000111001100100111101010100011101000001101001111011111000001100000011010	1	1.91	1	0:00:03.787289
314	1001101010001011111000101110001000010010110001011101011001001111011101001100110001010110000100011111	1	1.91	1	0:00:03.778120
315	0000000001101011110000111110101100010111111110110101011110001010001101100010011000000000000010010001	1	1.91	1	0:00:03.886420
316	0010000011101110001110010111011111001101111011000000001011101110110011001011001101011000110100100110	1	1.91	1	0:00:03.892382
317	0101001010100011111100000001000010011101010111100001010001111111110011100100011101101011111101111000	1	1.91	1	0:00:03.798735
318	1000100100000000011101010101100010010011111001110011110011000110100111000000100111100101001101110001	1	1.91	1	0:00:03.837430
319	0000100001100010001111001101111000000010011010110000011110000101000011010001010111000001101011101011	1	1.91	1	0:00:03.798618
320	1001000000010101011000111100100001110110110110010011100011111011111001110110001010000101101011000000	1	1.91	1	0:00:03.822196
321	0101111101101101101111100001011111011011010010101110100010001010110011011110000100110111001011001010	1	1.91	1	0:00:03.798443
322	0101100101110001000111001110010000000110011100001010110101101101011011111000010000110010011000111011	1	1.91	1	0:00:03.813220
323	1011110111000101101111011000110000101101100011001100010010100000000000010101111010001010101000111111	1	1.91	1	0:00:03.795411
324	1111000100101011010111111100000001100111111011000010111101110110110100100010100110010101000000010101	1	1.91	1	0:00:03.805202
325	1011101111111101001000000010101111000011101000001101000000010111011101001001011011110111010111010100	1	1.91	1	0:00:03.809671
326	0000100011100110101101100010100100100100010101101100011001101010010110110010111000001110000100010100	1	1.91	1	0:00:03.806434
327	1110001010010111101100101000011110010011011101100001010000101100110010001010010110000100110001101111	1	1.91	1	0:00:03.802433
328	1011110100110001110101111101010011111010000011011001010110010000000100100010100100110010101000010110	1	1.91	1	0:00:03.805615
329	1100000111000101001101010111010011101110111110100110100010111011011100101110000111111101100000011010	1	1.91	1	0:00:03.798792
330	0110011010010011011111011000111111000011001010000111000100001100011001111110110000001100110100111100	1	1.91	1	0:00:03.796204
331	0110010001111100000011010010000111100010111011100011010010010001001111000110010100001111000111000000	1	1.91	1	0:00:03.792081
332	0100001001010110010110010000110110110010001101110011101101110000101111101110100000101000001100101101	1	1.91	1	0:00:03.797395
333	0011111010111010000010101111010011000010101000000110101011110000000101100010100101011011001010011100	1	1.91	1	0:00:03.799502
334	1100100011100100100101111000111100010000101000011101111010111101101000100011100010000100001000101011	1	1.91	1	0:00:03.793184
335	1011001100100011101100000010011011001100000011111011100000000000010011110110011101011101001111011001	1	1.91	1	0:00:03.798229
336	1100101010001100010000001110000111101010111001011110110101011111001101011100010010101111101110010100	1	1.91	1	0:00:03.796733
337	0100111100100100001111000011100010000110000100010111010111010100100001010010101100001101010100110001	1	1.91	1	0:00:03.794922
338	1000010001110011010101100010010011100100100001100111010010011010111010001011001100000110100000000000	1	1.91	1	0:00:03.792065
339	1001111000001110011101011000100000000110001100000011101001101011001110101000111001101100100111011011	1	1.91	1	0:00:03.790591
340	0101111100010111101011000001000110011101001011010001001110101101111111000010101010011111010010011111	1	1.91	1	0:00:03.794569
341	0100001101011110100010101100000100001001000000111000001100001100001110100000100011011101011110000000	1	1.91	1	0:00:03.790656
342	0111000110100011101010110010000100011010100011101010100101101011010010001101100000001101111010111001	1	1.91	1	0:00:03.803392
343	1010111110000110001100011100111111101100101111000110100110101000000011100111010110100010101011010001	1	1.91	1	0:00:03.794635
344	1111011011000100110000110001111100001001100010111100101110010010101000111110001111000011100111100110	1	1.91	1	0:00:03.804554
345	0100100011011010100110010110101100110010001110111001000011010010101101110111100000110000101010011000	1	1.91	1	0:00:03.794044
346	0010001011001000111011011010011101000111100011110010000010010000101001111111001100001110110001011001	1	1.91	1	0:00:03.789453
347	0110001100000000001110001001001001100110011101010111001010111001010101101010110111001010100111100000	1	1.91	1	0:00:03.854693
348	0011101000111100001001010111001111000011011101010101000000000000101101001100010101011010101100010110	1	1.91	1	0:00:03.802259
349	1101110000111110010111111110001011111111000101111101011101100100001100010101010100001000110001101100	1	1.91	1	0:00:03.813196
350	0101010100011001011011110010111011101001010001110010110111110010011010101110000101111100111110111000	1	1.91	1	0:00:03.816529
351	1000010010110111001111100101101100000010100001001100101100000101111011000011110110110011111111000110	1	1.91	1	0:00:03.810034
352	1001100100000101111011101011111001110101100111110010001011100000000111101010010000001110000110111010	1	1.91	1	0:00:03.791331
353	0011100100010110111111000100011110100011111001011101010110010101011100100011101111011101101110111111	1	1.91	1	0:00:03.791609
354	1001011101110101000100100101001001100000101111011111001010010011100001000010101011011101101001100001	1	1.91	1	0:00:03.794583
355	0101101111000010110010010101101011101011111111110011010000100000111101000111000011001111110110001100	1	1.91	1	0:00:03.795912
356	1011110110010101100001110010010011001110111110111011100111000101111101011010110100011000100111010001	1	1.91	1	0:00:03.791124
357	1010111100111110101111001001111010001001101110000100110110110000100110000111101110111001110111101100	1	1.91	1	0:00:03.801523
358	0010001001011101111001101000001100110100111011011110100100101110000100110100101101001101000010000100	1	1.91	1	0:00:03.813432
359	1110111001111110001110111100011101101011100001000110101010011100010111111110101111011100000010110001	1	1.91	1	0:00:03.849441
360	1110011111101011011000010001001101100111100000110100001011011000101100111111110110010011010010010101	1	1.91	1	0:00:03.797715
361	1101100101001100101010000000001111011100011101101011011000000000000010111001000101011000101111111101	1	1.91	1	0:00:03.827928
362	0111001111101011110111111101000100001110111101010111100001010100100101000110010010111000000011111000	1	1.91	1	0:00:03.821438
363	0100001100110100011100001010111101100111110001101001101101100111011001001001010110100101011101000001	1	1.91	1	0:00:03.822761
364	0100001010111010110010010100000000111011010010101000011010010001111100000010110000011101111100010001	1	1.91	1	0:00:03.793454
365	0000000010110010100010110100011011111101100100000110011010100011000001111010011110100000100010110110	1	1.91	1	0:00:03.809898
366	0101110110100010101100100010111100101100011000111000010101000111000010110111010010101001110001100110	1	1.91	1	0:00:03.793095
367	0110101101110110101001000000100010001000001111010100000100001001101100000000001001010100011000000110	1	1.91	1	0:00:03.801368
368	0010100101010011101101011101000001000010011001011010001011010100010001001100110000001010001111110001	1	1.91	1	0:00:03.795679
369	1111001100001011011000000001111100111110011001011010010010010100001010111101111100101111010100100000	1	1.91	1	0:00:03.805504
370	1100000001111000011010101100000100001010000111010100011110100111100010001000000100110000100110011011	1	1.91	1	0:00:03.803279
371	0001111001101101000000110100110011110010110110011010101010000101111001101101010111100001001111100101	1	1.91	1	0:00:03.802898
372	0011001010101101101111001101011101011111001111000111000100001000100100011111011111010100100101101100	1	1.91	1	0:00:03.820257
373	1101011011011101110000010010111001001100101001101111101001010000001110101101010011110000001110110110	1	1.91	1	0:00:03.807291
374	0101010111110010000101111010001000111000100110111111100001001000111101110101111001101110010111001100	1	1.91	1	0:00:03.788301
375	0100101100111101010101011000011011100001101101001000011101111111010011001111011110111110100001100000	1	1.91	1	0:00:03.797785
376	0101000100001100010101011000100010000000001010101110101001001101000010011011100110000100111000000010	1	1.91	1	0:00:03.799201
377	0001001001000001001011100110100011101101010000010001010000000110001110010000000011110010000111000110	1	1.91	1	0:00:03.802132
378	0011001011100110000000001100001010000101111011100101010100100011000110111000100000110100110100110101	1	1.91	1	0:00:03.869344
379	1001111111000011111100111010100101101011000111100110100001011110010001011100110000110101000100100011	1	1.91	1	0:00:03.830524
380	1111011000110010010101110000001000111001000111100010101000100010000111001100011010001111111101111100	1	1.91	1	0:00:03.799665
381	0111111110000100001001010010010101000011011110001001011100100011111010000111101111101100110111010110	1	1.91	1	0:00:03.803384
382	0001111100010001101010010000000000100001001101111010100110100101110101110011010110000101110100111101	1	1.91	1	0:00:03.804169
383	1000011010010110011101100011000001100100001111101110101101100010001100010000101100010100111110001111	1	1.91	1	0:00:03.799021
384	1011000001101010101011111110011111011111001001100100010001000010001001011101010110000010001100000000	1	1.91	1	0:00:03.783963
385	1111110011101101001001011010100101111001011110000111100000001100101010001101100011000111000110111011	1	1.91	1	0:00:03.806778
386	1101000110100000110111011010011011000100010010000111110010010110010110011111101000110101111101001100	1	1.91	1	0:00:03.834824
387	1100101101111110010111111110001010101000101101000001001101111001011001011000010011010110010010100111	1	1.91	1	0:00:03.801295
388	1011010010100001111000010010001001000010010111011111001000111001111100011111011101010011100110000011	1	1.91	1	0:00:03.819717
389	0010100111000001000010101100011001111111011001000100100010111110100010011010011110101100101000011110	1	1.91	1	0:00:03.788769
390	0101010000101010000000101100111010110101010111100111001100010010111110100010101011000101100011000011	1	1.91	1	0:00:03.809186
391	1011010111111110011110100101101000100010011100010100111110110001111110101110101100111001000101111000	1	1.91	1	0:00:03.787652
392	0000000110001010110011110000010011110110000000101100001000011101101100101000111110111011101101100111	1	1.91	1	0:00:03.803946
393	1010010010011001101100100110010100100011100110010000111000001110111001100000001001101011010001110110	1	1.91	1	0:00:03.795474
394	1001110010000111101001010011010011011000100001100001001110011011101111111100010101000101101000111101	1	1.91	1	0:00:03.802063
395	1000101001000100001000111001010100110001001100010011001110110001111000010110000011111001011001100000	1	1.91	1	0:00:03.807074
396	0010100101100001000001011101000110011111001101010000101100001111110110001110100110000011010010110100	1	1.91	1	0:00:03.797037
397	1000001101001011000010111000110111100100011011011000101011000111101101010001010010011000100111110011	1	1.91	1	0:00:03.792018
398	1100101110100101111001111111100010010111010011000000001011010110010010001101000101111100001010100001	1	1.91	1	0:00:03.826908
399	1011011100010101111010101101111011101011110111011001001100111011010110110011001101010010101011111010	1	1.91	1	0:00:03.810055
400	1100001111010101111111011011011100100011110100000001010000101011110100100001111111101101111000110010	1	1.91	1	0:00:03.804940
401	0110001001100100111100111111001010101111000011000111011010110100110101100110110110001100010011110101	1	1.91	1	0:00:03.813114
402	1100001001100000000001011100110011100010101011001101100000101111110111101111101101001010111010101110	1	1.91	1	0:00:03.852822
403	0110110000010001111101010100101001101000110111110110000001011001010001101111110011110111100010000010	1	1.91	1	0:00:03.823765
404	0111110011111110110111010000011111010010110110010111011100111100010000100011111010010101100011101111	1	1.91	1	0:00:03.867828
405	0000101111110101111000101101001010101001001110101011110000000000010010011000011001110010000110110000	1	1.91	1	0:00:03.782138
406	0100011111001011000001101011111000110010101010010100011011011101000010110000010100000001010000011100	1	1.91	1	0:00:03.804674
407	0001110111100111111101010110101100100111100010001111110001111111010000101110000111010110101000000000	1	1.91	1	0:00:03.786617
408	0110011110011000110100110000011111000000110001000101110100010100111001100111001101000010111111101000	1	1.91	1	0:00:03.820589
409	0000000000000101011101001011101011101100000110111101011111101001010011011000001110000011100010001111	1	1.91	1	0:00:03.864753
410	0000010000011000101000001000010111001101111001110011001000100100101100110001101000000001111011001010	1	1.91	1	0:00:03.801515
411	0010100011101100011001001001011110110110010001100100001111101000110011101010010011011000110110111001	1	1.91	1	0:00:03.790622
412	0100011011000110101010000000000001110110001010000110010110101111001001001001100111011110001111111010	1	1.91	1	0:00:03.791223
413	0110101011101001111100110110111010101101011010110101101101010101101001011011010011111100001101110001	1	1.91	1	0:00:03.790275
414	1010100110111011011001001110001001011111000000001000101010100000110011001000000110010110000011000100	1	1.91	1	0:00:03.787054
415	0100000010000110101110001011001001110001001011011000100111110010000010001100100000101010000011001110	1	1.91	1	0:00:03.786272
416	1000000000100110101101111100010101001001001100110000011101111101110100000100010011110110001110111101	1	1.91	1	0:00:03.802073
417	1100100110000100101110000011001001001000000111100011011100110100101010010100011110100010100011001010	1	1.91	1	0:00:03.799300
418	1011001001100110100010111100111001010110011101100011011100110100010100011010001101011000111011111111	1	1.91	1	0:00:03.794788
419	0101110011001111111101000100001100001101111110100101111001010001110000100000001010000110101010011100	1	1.91	1	0:00:03.790285
420	1000110100011000101101010110010011100000110000101011101110110101111001111111010101111110100001110111	1	1.91	1	0:00:03.789309
421	1110110001111010010100011100001111010001001101101101010010101100010000111100110000010000110001110000	1	1.91	1	0:00:03.797097
422	1110011110000101011110110101010110101101011101110101100101101011001000100101110011000110010110111100	1	1.91	1	0:00:03.788072
423	0000010100010010111011111010101100010000011000111010000011101001101110110111100110101010000000011110	1	1.91	1	0:00:03.807879
424	0010001010010001111001110000110100101101011110100100101011110000100100111110100100011110111010110111	1	1.91	1	0:00:03.806871
425	1001011001100110000011001100001101001001011110010101010010111010111100100001100011010010101110101011	1	1.91	1	0:00:03.786265
426	0001100110001010000100000011001001110101100100110000111001100000111111011000001011100000011111001111	1	1.91	1	0:00:03.791847
427	1001100011000101011010101100110101000100001111100100010101110000011111000101111011111001111101011011	1	1.91	1	0:00:03.790573
428	1111111100110011111011001111000011111100000011111001001010001011001110011011110100010100110011110111	1	1.91	1	0:00:03.787915
429	1000111110101110110110011101010101100111001101111111011100001000111111001001010011111111000111111111	1	1.91	1	0:00:03.793999
430	1100001010001000101110010101000110011110110111000111110110011100011010000101110000101101100101010000	1	1.91	1	0:00:03.784412
431	0001111010010111000111101111100110111000100000101001010000000001100110011101111010010011011000111100	1	1.91	1	0:00:03.797659
432	0001110001010001110001010111100110101010101000000011010011000001110111011110010001000010110010011001	1	1.91	1	0:00:03.789061
433	1101011001001100111011101110010000101100111010110100101000100100001101011111110111011001001100100000	1	1.91	1	0:00:03.781909
434	1010101010001100100101010111001110011001011000101000000110101101000001110111110110111100001111111010	1	1.91	1	0:00:03.792199
435	1100110001001111110100110010101101001001110100110100101100111011111100101111000010010000100011111101	1	1.91	1	0:00:03.797023
436	0011101001010100100011000010000011100111101010000101000010001100000001110111000010101100001100111100	1	1.91	1	0:00:03.815361
437	0011111111110011100011111110001011010010110101111100101010111110100101110001011100000010010000000010	1	1.91	1	0:00:03.799659
438	1010001110101011010110011110010011010111011101010110010101101001110000100010100000010110110111010001	1	1.91	1	0:00:03.795574
439	1101111110111010101000110100111010010111110011011010111001111001101111000110110000011011001001101101	1	1.91	1	0:00:03.803005
440	1010110001101100011010000011000101010000111000100101010101000101001111011000001111010111011100001111	1	1.91	1	0:00:03.858405
441	1010110110100100100101001010111111000000100111001011111101000010011101100111101010001111101000011010	1	1.91	1	0:00:03.825128
442	1011010110011100011100110100100010001000110110000010010011001101010101001111111111101111010010100110	1	1.91	1	0:00:03.803612
443	1111110111001010011011110101100101011011101001001111111001111001001011000101110001001010110001010011	1	1.91	1	0:00:03.797741
444	1101101100101100110111000001111001001000101110010111101001101001101011110011110001001010111000111001	1	1.91	1	0:00:03.793917
445	0001011000000101011110100000011010011011000101110100000010100000010010110001100101101011101010000111	1	1.91	1	0:00:03.796036
446	0010010001110011011100101100001111011100100000000001000000011001101010100111000010000011001101101110	1	1.91	1	0:00:03.795102
447	0000011110110001110101111001010101010001010010001000001111101000111110101001000000000101000011110110	1	1.91	1	0:00:03.793271
448	0101000100001100110011001000000000111111101001011000101100110010101111100100001010000010111000101111	1	1.91	1	0:00:03.795995
449	1111100011011011100000100000011000010010110111101010001111101111000101101111011111010101011011011110	1	1.91	1	0:00:03.924423
450	0111000000111110000101001011001011011010011111001100001100100000101100011010011010110011100110101001	1	1.91	1	0:00:03.810794
451	1101111011010001000011101101110100001000110000111000111111000011011100101100010001110111100111001000	1	1.91	1	0:00:03.835656
452	0101011100111110000111100011111100111101000100110011111000001100000100010000101110100100011010011110	1	1.91	1	0:00:03.804672
453	1100010101110110001011000000110011110001111100111101111010100111111010101100011010100000000011111101	1	1.91	1	0:00:03.817056
454	1011001000010000010011000000000100000001110011010111110111110100101110010100101000101101000011011010	1	1.91	1	0:00:03.819083
455	0010100111111110111111100000111001100110001100100101101000001100010111010011100110001110000010101110	1	1.91	1	0:00:03.805577
456	0101011101000100111000010110101101000101101110000000010101011011011000010111011010000111001000000010	1	1.91	1	0:00:03.780454
457	1000101111010100011101100010101000011010100011100011001111101011000010011111111111011011110100011111	1	1.91	1	0:00:03.792750
458	1001110001011111111000011100000010010000110010011100010001010001011101101111100110110011001101011010	1	1.91	1	0:00:03.788911
459	1001000111001010110010110100001001101010100100011000001110010101111110010110101010001001011100101101	1	1.91	1	0:00:03.812850
460	0101000011010011100000100011111111100000111100110100110100111101111001010001101101111010101101101001	1	1.91	1	0:00:03.789552
461	1110011100011110001111010101011111000011101011100011001111011000010111110111000111111000011000101101	1	1.91	1	0:00:03.793421
462	1001101111101011100000110101001100111000100011001110100000100101000010101011101111011010100101010010	1	1.91	1	0:00:03.818832
463	0011000011100001001001110000000001100101111001111111111110100001010011010010110101101010001010111001	1	1.91	1	0:00:03.787232
464	0110000011100010011001100100001000110010101001100110111010111111101000110001110000101001010100000100	1	1.91	1	0:00:03.801796
465	1001000010001000110101101010011101011111111000001000000101101100011001111110000011100101010101010010	1	1.91	1	0:00:03.826092
466	1001100101011100100100110100111111111100010001110000110010001110001100101100010011000010000010101101	1	1.91	1	0:00:03.788218
467	1000100111110101001000010011010111000101101101011010111001010010011101101100011000110101010011000001	1	1.91	1	0:00:03.800685
468	0101100111000101010111101000101001101010100100110101010101001100110110011001011000100111100010111111	1	1.91	1	0:00:03.796108
469	1111001000100110101110100000111011000010111100010101101000111000100101101111100100001011101100101100	1	1.91	1	0:00:03.793830
470	1011001101110001010000000101111100000010000011100011010100000000110101001110101011110110011010011110	1	1.91	1	0:00:03.786191
471	0010101100010100001111100011111110100011011010111011100111101100101010111000110010001110010011111110	1	1.91	1	0:00:03.852240
472	0011111000110001100010110000011010011100110110001101000011100010110011101100100111100000011000001001	1	1.91	1	0:00:03.794696
473	0001001110011111101101110010110000000011000100001110010111000001000010101100111100000110000011101110	1	1.91	1	0:00:03.797812
474	0111110011110011001001110010001110110101001001001110011000011110110001001101001001010011001101001111	1	1.91	1	0:00:03.790127
475	0110101111100011111111010111010101110101111100111100110101111011011010011101011100010011011011001010	1	1.91	1	0:00:03.794902
476	0001110010000001101110000111001111111001000010001011100011111011110000010011010110011111011001001111	1	1.91	1	0:00:03.790437
477	1101000000010011010010101011111011010101010001000010111011010000110100110110110111000111111101010011	1	1.91	1	0:00:03.779895
478	0110110111011110011111101110011101100001110010011011011001100000110100010101001000011111110100001100	1	1.91	1	0:00:03.790208
479	0010011111100011010010010101001001010110100011101110111011111110101001010011010010101111000101011000	1	1.91	1	0:00:03.791337
480	1100010001101000001010100001011101001100010101001011010111100110111101111101111101001100001010010000	1	1.91	1	0:00:03.820134
481	1110101001101100011001100000000000000001011111100111000100010110011011111000000101010000001001010000	1	1.91	1	0:00:03.797721
482	1110110111001000010010101101010111100011100100011101111000011001111101110001010101000000010111111111	1	1.91	1	0:00:03.802521
483	0011000111000010100100101100010011000000100101101011001000000010011101011000100101000110101000111010	1	1.91	1	0:00:03.793170
484	0010111111010001010010010111000001001001111110011001111000011101011000110110111100010100001100110010	1	1.91	1	0:00:03.787061
485	1001000000101111010110110011001000011111000010000111100011010110010101001010000100010111101001111111	1	1.91	1	0:00:03.784848
486	0111110010000101011000110100000100001100110001101110101001000111110101001001010100110010000011010111	1	1.91	1	0:00:03.792236
487	0100111001111101011111001001110010100010001010110010111000000111001111111011000000110100011000111010	1	1.91	1	0:00:03.790061
488	0111100110000101001010000000010110111000101010011101101101101101011110011111010110010001101111001100	1	1.91	1	0:00:03.797392
489	1001101010001011010000110011011100101010100001101001010000000001111000100110100101101011010110000110	1	1.91	1	0:00:03.791620
490	1011110001010101110001100010111011111110101011010001111010111010111011011100001101110111001000010101	1	1.91	1	0:00:03.792152
491	1100011111000110110110101000111110000010011010111000001011110000011101010110010100010100000111010110	1	1.91	1	0:00:03.794670
492	0100110100011101101001111111000001011010101010010100000101011010101100010101101111011100110111101111	1	1.91	1	0:00:03.792378
493	1111111011100010011010101111111011010000111010000101100000000000101111111001101100000000011001110001	1	1.91	1	0:00:03.860142
494	1110000010000100000110110010000010100010010010001011100000011100111110001001011100011001101100010010	1	1.91	1	0:00:03.850053
495	0010010111110011000011110101001000111001010000111101110101000010101100111011001111001010001110111100	1	1.91	1	0:00:03.792629
496	1011000001011001000010101010111001110011001010000001111001100110101011110000001010110100101011110000	1	1.91	1	0:00:03.805614
497	0000011001000011000100000001011000010001100011111000010000010000000001111101111101101001000101000001	1	1.91	1	0:00:03.791018
498	1101001100111001110101000010010010110000101000100001111010111100000011001000110011110010101110100110	1	1.91	1	0:00:03.812203
499	1100011110111000100111100101000100001111101111111110010111001011101010011110111010001100000001001001	1	1.91	1	0:00:03.783881
