idx	label	predict	radius	correct	time
0	0101011100001111011010100001101011010011001110001110111001100011101100011011010111011000011110000011	1	1.91	1	0:01:07.552894
1	1100100100111101111001000111111011111100011011100000100100010100001011000101010111010100001001011100	1	1.91	1	0:01:05.164042
2	0101000000110001101001101000011100101111110111111110101101010011111000101011111101110011100011101010	1	1.91	1	0:01:05.490902
3	1110011101010011111001010001110010000110110011001101100010110000000110000110110101001100101010000011	1	1.91	1	0:01:05.607228
4	0110011011011101111011011100110110010110111110101011111100000001110101010010001001100001001001010010	1	1.91	1	0:01:05.638519
5	0000010001000000101110011001101011011001001110001000100000111011101101100101101101100010101011011100	1	1.91	1	0:01:05.682034
6	1000011011000101001100010101000001101111010101000100101010100000010111100101011000101100011001000011	1	1.91	1	0:01:05.730574
7	1011101011000011100101101100110010011110101110001010110110111100001001100100111010101101000111000001	1	1.91	1	0:01:05.697843
8	0110010000010100100010100000110001111000110001100011000011111000111110100101100110011111010110110100	1	1.91	1	0:01:05.755324
9	1011110110010010100100001010000000001110110001001011110000011001011110001000010111101001101100001111	1	1.91	1	0:01:05.703799
10	0100101001100011011101010011101010010110100101100010110000100000100100100011011000101101100001100110	1	1.91	1	0:01:05.709329
11	1001100000110000001100110011010111010001001111111101101100001101010111101011000010101100000001110010	1	1.91	1	0:01:05.742646
12	1111010000010010100011011000011010111011000011011110100111100100110110011101101100010101011110001100	1	1.91	1	0:01:05.697700
13	1101101011101000001110001001110101111010101110011101000010110101001000101110111010000111101111000111	1	1.91	1	0:01:05.710795
14	1000000001110000100111110110111101010011010011000101111110011000001101111100010111001110001101000010	1	1.91	1	0:01:05.724015
15	1111000100011000110100001101100111111011011000000111010100010000010010111001000101101101101000010110	1	1.91	1	0:01:05.697968
16	1111100000001100110001111100011010001110010111011010110101010001100110000111111110000110111010001100	1	1.91	1	0:01:05.648917
17	1110100101101111001100111000111101110001111100100110100100011111000110111101010100100010111011011110	1	1.91	1	0:01:05.728816
18	1010000111100111001110111010101101100101110101110111110001010001100001011101110010011011100111100000	1	1.91	1	0:01:05.708369
19	0101111001011001001100100101100111011110100111001110001010001001000110011100110100100001100000010101	1	1.91	1	0:01:05.733721
20	0011101101110100111010111001000001100011001110101000110001011100011111110010111011001100101000001011	1	1.91	1	0:01:05.741997
21	1110001100111010100000010101010101111011101110101101111010101101000100011111001011011011010011000111	1	1.91	1	0:01:05.721989
22	1000001111000000001000010111110100101010010000010001110110001111001011001000001010101110001001110100	1	1.91	1	0:01:05.694139
23	0011000100000000000101100101100100000110000001010011100000110010001101010000001000111111001001111101	1	1.91	1	0:01:05.724120
24	1000001001001000011111000100010110010101110100100110001001000000000010010010111110101001010000100110	1	1.87	1	0:01:05.724297
25	0000001101100111111101111001111010000111011011010110100000010111000100011011010111001111100001101001	1	1.91	1	0:01:05.717151
26	0101111100010111101101110100100110001011100100001110001111111101111101011010100010110011010110011011	1	1.91	1	0:01:05.760091
27	1010100100100100110101000010110000100001000111001110111000010011010000010101110101101111110111101010	1	1.91	1	0:01:05.763962
28	1010100011100100100100001000101110100010111001100011010001100110010010111011111100000100000010001001	1	1.91	1	0:01:05.694844
29	1011001010101110101010101111001101101100111000101111000101101101101000100001101011111110110110001001	1	1.91	1	0:01:05.747023
30	1001011111101100101100111000101111000010101011101000001010010000101100110100001110001000100111110001	1	1.91	1	0:01:05.683184
31	0111110011100100000111001000000001111111100100010010110100100001110010000111100011010000110110000111	1	1.91	1	0:01:05.743261
32	1000110010001101000000101001110111101100110010100001110001111111011000101001001101101111000011011111	1	1.91	1	0:01:05.764193
33	1001000001011010111110100100111100010110111011101010100011100100101101101100101011100101001010101101	1	1.91	1	0:01:05.810768
34	1001110011001111100000010001101011100101111000001010011000010100101011111010100111010000000101100100	1	1.91	1	0:01:05.766932
35	1011101001110001101101101011000111101001101011010111101100100110111110000101111101010001101000011010	1	1.91	1	0:01:05.735174
36	0110001100101010100000011011100110000100001101101101000010100111010111110110010011001011101100000011	1	1.91	1	0:01:05.731250
37	1111011110010000010010000011110111001010001011011110110100000011101001111001110011111011110000111111	1	1.91	1	0:01:05.721339
38	0110001010101110001001010001110000001000110101111100100000111101000111101010001101110000000010100100	1	1.91	1	0:01:05.775232
39	1010111000000110011010111100000000101001110010101110011000101001100101010001101111010111001101101011	1	1.91	1	0:01:05.787680
40	1110011101010110010111010000111010011111100000011000110010110001001100110010110111100101101101100101	1	1.91	1	0:01:05.776795
41	1100111100101110111110011011000110011111001001011100001101110111100100100100101011111010011110010101	1	1.91	1	0:01:05.792341
42	0011000111000000100001100000110001011010100110100010100000011111110001011000100000100110111011101011	1	1.91	1	0:01:05.895410
43	0100101010000101100011111001101000010000100110001011101100000110000010101110000011000110100000011010	1	1.91	1	0:01:05.731155
44	1110100100010010110000011010011100111111001011111101001100101010111110100100101111101111110110001000	1	1.91	1	0:01:05.737557
45	0110110100001110101011100111101000011110100110111000011000000001111100100000101111010011011100111000	1	1.91	1	0:01:05.684385
46	0100001001011110110110111110110000100110100100000011001100100010101001101101101111010001101001110010	1	1.91	1	0:01:05.719265
47	1111101100110111000001101111001010111100111110000001000111110110011100101110100011101011101100010100	1	1.91	1	0:01:05.713761
48	0101010110101010111011000100010000010100001110101111111011111100001001111100001111110101010100011001	1	1.91	1	0:01:05.766720
49	0111100110101100111001000111010011111010101001111000111110100010001000011010001110110101001001111001	1	1.91	1	0:01:05.745619
50	0001010010110101001011101110100001000010101111001010111001000111011111100100000101110100100011100000	1	1.91	1	0:01:05.791453
51	1110001000010100101001110000100000001010111011100111101101101100111100000110100001001110110100110110	1	1.91	1	0:01:05.787796
52	0010000010111011100011101101100000010100001101011111111011011010001011010001001000010101001010101100	1	1.91	1	0:01:05.813847
53	1100101111011100011100110011000001000111011001011010100110010111110101001010010110001001000001000101	1	1.91	1	0:01:05.783817
54	1111100111100001100010111110011100000101110110100100011000101000110110101011110111010011000000010011	1	1.91	1	0:01:05.769423
55	1100010110100000100100111010001011110101001110110111000001010100101000010011010111101101011111000110	1	1.91	1	0:01:05.766044
56	0010100111001101101011010000000011001000101110010110001100110001000111101010111001001001100000011011	1	1.91	1	0:01:05.765078
57	0010011010011101000000011011000110001101010011011010000100111100000111111001101111010101011110001111	1	1.91	1	0:01:05.803010
58	1010110101101000001101011111110011011000111011101001001000001010111001110110010101101100101100010101	1	1.91	1	0:01:05.731894
59	1000101010100011110000010110100100010000101011000010001110100000000010011100111001001000110010000110	1	1.91	1	0:01:05.700506
60	1010111110001011000000110011001000010001010100011100001010011011001011000011000011101010110000111001	1	1.91	1	0:01:05.796749
61	1111000000010101011101111111100011010100010100100001000111010100000011110101001110000111001111101001	1	1.91	1	0:01:05.760932
62	0010000010110011001100010000100101100111100011111010010110000011100111101011110010000101101111011101	1	1.91	1	0:01:05.756026
63	0110100101101101000010100110001101110000111101001110110001111000001111001001110101100011110110101001	1	1.91	1	0:01:05.793376
64	1011110011101100101011110101011010011010101101010100101100010010011101001111010111111110010110010001	1	1.91	1	0:01:05.778965
65	1011110100100000011100000010011011100000101100000101010010010001100000111111011000010101011010010000	1	1.91	1	0:01:05.745923
66	0001111100111101000110000010111011110111001001110101111001110001101010011010100111000011110000011000	1	1.91	1	0:01:05.726418
67	0101110001111101011111001011011100011110011000011101011101001100001110011001100111001000100101011100	1	1.91	1	0:01:05.759804
68	1011000010100101001000000101111010010001010101101011100101001001110110010000001010110010100100100110	1	1.91	1	0:01:05.779888
69	0101101111010111001110100010011000110100010001011100010101111110111011100111011100001100001111010101	1	1.91	1	0:01:05.793450
70	0010011010110101001101110010101110000101001001100100101111100011100110011100011110111010011111110101	1	1.91	1	0:01:05.729173
71	0001111111001110011000101010111101100101001000011000000001000010001111111001010011000011011100010011	1	1.91	1	0:01:05.727881
72	0000111010011000100100011010101000101110101011101010010001010001000010100111110100001101110100000001	1	1.91	1	0:01:05.748435
73	0110010111111101110010101111011011011101100001101100010100011000100111011000101001000101010011000000	1	1.91	1	0:01:05.752090
74	1010000111110010111000110010011000101111010111111011010011001101011011100011000100000110100110101111	1	1.91	1	0:01:05.732632
75	0000110110011011110111000110010111010000011111101100000001001011101010001010001100011111010001111010	1	1.91	1	0:01:05.769981
76	0111111100010010001111100110100111110010001111011110110000110001001111001001000111101111010011000101	1	1.91	1	0:01:05.733149
77	1110001100101101000110101111100110000101001101110110010100111001001011011000111100010101011010000000	1	1.91	1	0:01:05.768182
78	0000101100101111000110100100010011011001110101010011011100000110100001100000000101110111111111000101	1	1.91	1	0:01:05.758258
79	1000110110111110110001100010001011000111000111001110101000100000101010101010000001101001110101111001	1	1.91	1	0:01:05.790111
80	1100100100101101011000111110000110110110000010101101110010000100110000111000001010101011110010110101	1	1.91	1	0:01:05.736733
81	0110100110001001101101011010110001000011111011111001111101001111010010110110001100000100011100110010	1	1.91	1	0:01:05.801932
82	0100011000110000100001111100001010111011111011001101111001001010010110010010111111001010111110010111	1	1.91	1	0:01:05.713192
83	0000000011010111011101010100010001010100111001111111111010110011101101011010110010000010011110100101	1	1.91	1	0:01:05.668254
84	1111111001110101010010000000111001001001111011001010000011100111000100010101101111110010011010101100	1	1.91	1	0:01:05.781450
85	0101111111001000011011010111110000111100001000001001110111101010000000110001011001011100010011011110	1	1.91	1	0:01:05.769853
86	0001000001001001000001111110000100110010111110010011110100011011110100111110011010101110011111110011	1	1.91	1	0:01:05.712396
87	1101101010101110101000101001010111001110110001111000000101111000010001010010111010001111111011010001	1	1.91	1	0:01:05.784695
88	1111101111000001000100010000001010111010110001110000101101001111011010010100111011100110111000101101	1	1.91	1	0:01:05.703465
89	1011110110111011110011000100010000111010101011000010000101000001000001010100000110100001011011010111	1	1.91	1	0:01:05.699233
90	0011111110101100011000100000100010000111111010010101010000001111100001110010101010000110101000010111	1	1.91	1	0:01:05.711002
91	0110101011110000011111111010010000100011000111110111111010101010100101011101010000001000001110000001	1	1.91	1	0:01:05.730626
92	1000101010100011110011000111001111001000100001011000111010101100101101110111111100010011101010001010	1	1.91	1	0:01:05.721986
93	1001001110001100101001011100100101111011101101001111011100110101000000111101010100010111111110111011	1	1.91	1	0:01:05.743307
94	0010100100111011111111011110111110101111110000110001001101110010110100100001010111000011110011110001	1	1.91	1	0:01:05.726364
95	0000000000011110100001101010011100111111100111010110111111010000001110100100111100111101101101010100	1	1.91	1	0:01:05.719100
96	0111001101101110000000011111010000111010100101100111101001010000011110011010111101110011100011000010	1	1.91	1	0:01:05.716042
97	0000001010010110000001110001010111101010101001001101110111000110011011101010001100100001100100111011	1	1.91	1	0:01:05.703784
98	1110101010110001110010111110001110100111001110010001111010110011000011010111101110101111010101110011	1	1.91	1	0:01:05.752798
99	0110100111111101110100111000010111110100010001010110000011011011110010011101101100110100110100010000	1	1.91	1	0:01:05.796921
100	0011100000000000101111100010101110001110011010100010101011000101011100001110000110111100101111010011	1	1.91	1	0:01:05.765542
101	1010111001001111000000101101100101010110101000011101000110000000101110110100010010110111110010101010	1	1.91	1	0:01:05.782973
102	0010100000000011100110100110000000001101101101100100001001011100110101001101111011110111101110111111	1	1.91	1	0:01:05.723372
103	0011001100100001010101110010001111111110101101010110100100101110011011101000100110101000110001001111	1	1.91	1	0:01:05.736009
104	1001010100111101001010001000011111010101000100100111000101100010110100110011000011111000101010110110	1	1.91	1	0:01:05.714840
105	0011101000100110000110111111000010101011111101101000001011101101100000111101011001111110001110010000	1	1.91	1	0:01:05.805115
106	0111111101010000010110100001100101011011011100111010001110101000011111010000000110000111000101110111	1	1.91	1	0:01:05.758212
107	1111110011101010000111101101010111001111011100001000110111101110110100111000000101100101100110100110	1	1.91	1	0:01:05.743843
108	1001100010011000111011100010100000000010000010010101010100110000010001010011111100101100101010010010	1	1.91	1	0:01:05.728127
109	0011011011011100001101011110111000110000010011110011000011001110001010011011011101100001011011100110	1	1.91	1	0:01:05.776375
110	0000101101011010111011000111001000010001001010011101101001001110001101110110010110010100001010100101	1	1.91	1	0:01:05.733631
111	0001000001010001111111001000110111011100100001000111100110111110010000101010001111110110001011011000	1	1.91	1	0:01:05.786134
112	0010110000011110101101111111111110101100100010001100111111101011000110101111000111100011011111010000	1	1.91	1	0:01:05.755730
113	1011101010010010010011101011110010000110001011111001001001101100001001010101001110110000000010001111	1	1.91	1	0:01:05.790293
114	0101001101101000011000011001101011110110010111000110010010100000110110110011110111010101110100000010	1	1.91	1	0:01:05.764502
115	0001100111011001101000000001010101010110010000111110111001010001110101101100100110000011000011011010	1	1.91	1	0:01:05.752650
116	0011011100011010101010110110010000101011010000101111111011100000111000110010111011011001111001101000	1	1.91	1	0:01:05.715760
117	1110110010010010011101010010001110110110010110010111101111111111111100111110001000101010001100010111	1	1.91	1	0:01:05.727586
118	0111101001011100010001011000011001001010010011000110011000001011001100100011010001011000101000110000	1	1.91	1	0:01:05.740026
119	0101011101010011001011001010001010011000011101011011011010011000101001110110111010001010110000111101	1	1.91	1	0:01:05.748029
120	0011100101110000010011001100001000010011001000101001000110110110001101110000111001100001010110001010	1	1.91	1	0:01:05.730376
121	0110110100001100001111010101111001011101100101000101110100101110001111000111110001100010011000101011	1	1.91	1	0:01:05.721603
122	0011111011010111110101011101010011001010001110001101010000110111001111111111000010110101111010010001	1	1.91	1	0:01:05.739197
123	1101101101110011010111001011010110001101000110001010010010000000010001000010001110110101111110010010	1	1.91	1	0:01:05.705390
124	1011010111110000100101111111000000011010101100000010000100001001010101011110101011000100100000101110	1	1.91	1	0:01:05.684823
125	0100110010000001101111100101100110011001110001010010010000100110001010111000001000110010001101111100	1	1.91	1	0:01:05.699736
126	0001111010101000101000110101001111101101011010010111100011001110001101011100101110010011111000101111	1	1.91	1	0:01:05.716894
127	1110011100111001011001001000000111010010110100111010110000111101100111001101001101101000101000000101	1	1.91	1	0:01:05.787966
128	0111001111110101111010010011010111011011011010011101010000110110010101100111101100101010111111011110	1	1.91	1	0:01:05.683614
129	0111111011011110011111111100101010001100011001100111000011110011011100101101001100111001111110010100	1	1.91	1	0:01:05.716834
130	1000000101110101000100011101010001000110001111111000000100010010100000001111110010011001001111010000	1	1.91	1	0:01:05.682343
131	0011010101000111010011000110001110010001111111110001111001010000110110101101000000010110100001010101	1	1.91	1	0:01:05.696514
132	0101010000111101101001001100001001100010100110110000100111111101111111111001001011001010000010110110	1	1.91	1	0:01:05.682044
133	1011011101101111111011000001001001011111001110110011110001111111010101000100010110111111010010010101	1	1.91	1	0:01:05.691976
134	0100010111101001000010100011010000101000011001110001100001101011101001000010000001110100011110011011	1	1.91	1	0:01:05.673496
135	1010010011001101000111111100111100110101111000111110000000111010111010001010100010110111000011111011	1	1.91	1	0:01:05.705918
136	0011100100101000001011110011100011110101110000001000100000011101111111100001111101010100100111000101	1	1.91	1	0:01:05.719224
137	0111100001111101010010011110101001110000001100110010111010010100100110101101111111101011100010111100	1	1.91	1	0:01:05.699258
138	0110111101011010000100010000000111011011111110110111011100001100111010100010011010001011001001101111	1	1.91	1	0:01:05.688216
139	1101000000101010100110001101010000001001011100011101000100010011000001101101101110001111011010100100	1	1.91	1	0:01:05.707496
140	0000010010000110110000110101101110101011100101100011100011101111011100011001010001110011010010110111	1	1.91	1	0:01:05.699702
141	0000101101100111010010101011001101100000101010010101001111011111111111111110001001110111000110101111	1	1.91	1	0:01:05.712365
142	1000101110101100001101111100011110000011110000000110000001010101111111101111110011000011101000110100	1	1.91	1	0:01:05.680047
143	0110100101010010101001101011010011010101010101111101011111110010110010000011110010011111000000000010	1	1.91	1	0:01:05.689600
144	1101100100010100010011010000111111100011111000010101011010000000101100000001111101100100000000011001	1	1.91	1	0:01:05.725076
145	1000101011101101101001010101000111111110011101110100001001001011011111000110101111110001101111011100	1	1.91	1	0:01:05.741541
146	0110001111000010000000010110000001110110010100000101100011010110111001111100010110100111010100010101	1	1.91	1	0:01:05.694100
147	1001111100111011101111001001001011100111000111101110000001011110110010101110110011111011010111000001	1	1.91	1	0:01:05.730071
148	1101001001110101001001100010011001001000001111000000111011011100110011011100110010101011010101110010	1	1.91	1	0:01:05.692861
149	0010010110001111010111000011010000110100101011001011101100101001110000101101101011110100010010101000	1	1.91	1	0:01:05.715551
150	1101111101111011010011011101001110000001010000101000101000011101101110010111001111001011011011001011	1	1.91	1	0:01:05.671544
151	1110010011110101000100001011011110111011101100000110001011001101100001100101001110100110010010000010	1	1.91	1	0:01:05.710493
152	0100101110101001111101010010110011001111110001111111000100100010101010111001001011000101100101010001	1	1.91	1	0:01:05.713963
153	1100011010100110000111111110101000011000001011001110001010111000101110001100011111010111110100100010	1	1.91	1	0:01:05.727632
154	1000100111110010100001010101100111000010110011010010011000001111101111111110101110010111100011110100	1	1.91	1	0:01:05.661732
155	0111111111101000000000100000001001100110010000010011101010101001000010111001100000111010110110000010	1	1.91	1	0:01:05.733857
156	1000101000100101110100000011100001011110101100001011011100111000110011111001110101101001101101101111	1	1.91	1	0:01:05.703796
157	1000111111101111001001000100001001010001011111001100000110000101110001110111000011110011100111111001	1	1.91	1	0:01:05.722907
158	1100010111010101001001101000110101011110100010100001110011011110110011110010100110110100100111010010	1	1.91	1	0:01:05.712483
159	0110100110100011110000001010011111101110101001101110100100110000100000111001111011010111100111011001	1	1.91	1	0:01:05.710603
160	1000010111100100010110110010001101001000000101001011111011001110000000011101000011100000100000110000	1	1.91	1	0:01:05.692792
161	1011010100000010011010001001110001100111110101001110111101101111011000101011010101001010110011001011	1	1.91	1	0:01:05.717306
162	0011000010111010100110010101111101110010011101000101110010111111100000100101111011101100010001011000	1	1.91	1	0:01:05.713188
163	0110001111011100000100100011101111110101110111000001111111101001001101111111110000101101100001000100	1	1.91	1	0:01:05.725677
164	1011000100101001110101101000111110010100111011110001010101001101000101001011011101111011011001010100	1	1.91	1	0:01:05.728321
165	0010011111110000001011111100010111111110010011001000011010010011001000001011110001101010010011111101	1	1.91	1	0:01:05.816867
166	1010011010100100001100110111011000010001000011011110111101101100010011001010110111111100100100101000	1	1.91	1	0:01:05.670965
167	0101110011000011001101100001010010010000010100000101010000101010111101110000000110101011101011110000	1	1.91	1	0:01:05.729852
168	0110011101011001100000011010011001110011001011000100010010101011000010000110111011101111000010011101	1	1.91	1	0:01:05.724873
169	0111100001010000101110110001011000111101111110111110011100010001101110001101110101011010110001110001	1	1.91	1	0:01:05.733654
170	1100110000111111010010101100100000110101101110110101010101010110101110000001100001100101000000010010	1	1.91	1	0:01:05.739358
171	1110111001111011100010001100111010010000111001101010010000111100110011100100001011000001001111111000	1	1.91	1	0:01:05.751230
172	0100010110111110011000001011011110111000111001111010101110010110111100000011001000100110011100111011	1	1.91	1	0:01:05.731411
173	0101100001000100000000101110010100010101101101001111111100100001101000010000110000010101000100001110	1	1.91	1	0:01:05.753825
174	0011010000101010110101111010010110100111010010011011000000101010000111010010000110100111000100110101	1	1.91	1	0:01:05.700885
175	0000110111110111100011011101100110100100001011101111001001011010000111101100000010111001101010011100	1	1.91	1	0:01:05.697296
176	1001001010000001001110101000011000001100010100011011000010100110000010101110101100100011001100001111	1	1.91	1	0:01:05.729293
177	1110110011111110110001111111100011010010110100101000100010001111110101110011111001000000101100000110	1	1.91	1	0:01:05.723066
178	1110010011111101000011110000110000000110100110011011100011111010000101111110101101101101010110101000	1	1.91	1	0:01:05.743920
179	1001011101110000000101000111011010101100010010110001011000000101001011001001010100001011111101101111	1	1.91	1	0:01:05.696254
180	1110000101001101100100101011111011101111011101000001100011100011111011111100101111001101100100011001	1	1.91	1	0:01:05.700638
181	0000111011111010001101101000010010111001110000000111010001100110001110111101101011110010101110011100	1	1.91	1	0:01:05.674616
182	1100111111010100001110011111101101111110111011111110110010011110110011111111001101010011100111100100	1	1.91	1	0:01:05.731833
183	1110001100001101100101101111100000001011100000101000101111100011011011011101110111011001111000111010	1	1.91	1	0:01:05.751442
184	1001110011000001111110011011001111111110101100100101101001110110101111010110011110011001001111011111	1	1.91	1	0:01:05.722539
185	0011111100101101010000100111011011001010001011000101111001110100001110010011000100110000101000000101	1	1.91	1	0:01:05.712478
186	0001110001011010011111000110001010100101011011101011110100000011101100101011111100000000101110011000	1	1.91	1	0:01:05.713481
187	0010110001100110001111110100000010101101100101111110111111110100000011010000100011110110111100111100	1	1.91	1	0:01:05.698756
188	0101101001111100010110110100110111101100000001001110010110110010010110110100101011001010111001000110	1	1.91	1	0:01:05.711837
189	0101001111001100010111010011000010011001111100011001000011010110010110011011110101011101010110001001	1	1.91	1	0:01:05.726599
190	0100010111110101100100011011011000101011000101111000110011000001101100000010001100000101110011101010	1	1.91	1	0:01:05.738593
191	1010111111110111101001010110000001100000010111110110101111101000011100001111010001100011100011100111	1	1.91	1	0:01:05.758502
192	1010011001101010000010100101100010100111101011111000111110100011010001010011001000000011011101110101	1	1.91	1	0:01:05.750182
193	0010000010101011001001001010110001111011100101110111111001001101001010001001110011011000011000011111	1	1.91	1	0:01:05.754935
194	0010111101011001101111010001110000111110000001010101000100100000101101110010011011110010001110011011	1	1.91	1	0:01:05.665985
195	0011100111010101100011111001101010010001010101111100000101010100001100111000001010010100100010101010	1	1.91	1	0:01:05.690590
196	0111001010111101100001010001000001101100000110110000010010010001010100010100100010000001111000000010	1	1.91	1	0:01:05.731035
197	1000111010001000011111000011101100110101011011010000110010011110010111101110101101010011011010110101	1	1.91	1	0:01:05.774261
198	1100110011100011010000000100011101110000000100001100010010111001101100011110110101011110100100110101	1	1.91	1	0:01:05.745577
199	1001011010000110011110010010001111101110000011101110001011100011010011000110111100110001010011101110	1	1.91	1	0:01:05.705881
200	1100010001110111010110010101101100101010101111011000100000101011011001111111111101101001111010011110	1	1.91	1	0:01:05.680657
201	0100111010100000100111100010010111100101111111001011011001111100001010010100011010000110011010001010	1	1.91	1	0:01:05.714762
202	1110101101100110010111011000100000111000101010001101110011101111111111100100101111000001110000100011	1	1.91	1	0:01:05.719220
203	1110111001011011101011101000001011101100011111100010000111001110011010001100001101100110000111010101	1	1.91	1	0:01:05.732174
204	1001111110010000101001110010010100101010101000101000010110010011000011010110000001111110101101011011	1	1.91	1	0:01:05.688960
205	0001000101010100110010011011111011000001110001001100010110101100010000010110011001110101000000011101	1	1.91	1	0:01:05.698399
206	1011110011011110000100001101111100100001011101000000000000010101010101110000100100111010011110111000	1	1.91	1	0:01:05.701035
207	0110100000011011011101100000101001101001110111100011110110010010000110011100101101100000100100001101	1	1.91	1	0:01:05.670132
208	1101111111000111110110100011001101101101001101000001100010111000011011000110011100011110101000010100	1	1.91	1	0:01:05.731738
209	1000101100101101010110011000100001101011011100111010000100000010001100010100101001000100011001000101	1	1.91	1	0:01:05.724437
210	0101101010010101110111000010100100001101111010111001000000111101001010111101001111110111010100001101	1	1.91	1	0:01:05.692997
211	1100101001011110000101001100110101011110001111100001011101001000011001111100100111011110101100100111	1	1.91	1	0:01:05.720604
212	1010100010011111110000000011110111000111010001010001001010010101100111001001010001011001000111111001	1	1.91	1	0:01:05.709953
213	0100111001001010000011001101011011000111100001111110100101011110001010101011110010011111010011001010	1	1.91	1	0:01:05.747617
214	0101011011111001000011110000001100100111001001000101000011000001111101010101000101010000110110111011	1	1.91	1	0:01:05.728889
215	0001001110011001111100010110110011110100100101111010101110010000100001000110101010110001001100011010	1	1.91	1	0:01:05.746162
216	0110001110110011010100001000001010100101101011100000011100000111111001011110101110000001101111100011	1	1.91	1	0:01:05.745694
217	1010010101000111000100010010110001001011001111010000101001010100011010001101100111111101001001101110	1	1.91	1	0:01:05.750933
218	0111100110101110010000111000100111011000010001110110010111100010110001100111010100110101110100111000	1	1.91	1	0:01:05.715454
219	0100111011100101101101110011101101100011000111000000011110000110100101110110101001110000100100000111	1	1.91	1	0:01:05.813642
220	1000010001100011011110110101000101010101001111000101100011100100111011001101110011011010111000111000	1	1.91	1	0:01:05.739176
221	1011101001100111110010010001110011001001000000011000101011111001111010010001100110101110101100000100	1	1.91	1	0:01:05.762761
222	1011111011000010001000100000010000100111110111010100010110000011010000000001101010110010100000000001	1	1.91	1	0:01:05.705427
223	0011101110001111001011011110101011001001111011001001111010101110100001001000010110010011011010110011	1	1.91	1	0:01:05.765944
224	1111100011001000100100110110000100011001010011011001001101011100011000110011110100010000101011101011	1	1.91	1	0:01:05.811762
225	1111101111111010110011100100011011001101001010101001001110100111011100011000111000000101110100011101	1	1.91	1	0:01:05.743397
226	0101001001100001101001001001101011100001110010000001110001011000101111110011011110100000011100111110	1	1.91	1	0:01:05.786441
227	1110011000001101001101010000100000000100111001100111010110010010010100011011111100011000010101100110	1	1.91	1	0:01:05.809429
228	1110011110110010111000111111001110100101101011101001010100111100110011101000000100000010010000011011	1	1.91	1	0:01:05.757909
229	1101100101110000100100001010100001011010010111101000000100110100100101001101100100011010110011110111	1	1.91	1	0:01:05.765696
230	1011100111000110101011110000010010101110001110010110010110111001101111011010110010011100100101000101	1	1.91	1	0:01:05.726488
231	1001111001110000001100000101110010010000000101110111000010100011100000100101010000011100010001101100	1	1.91	1	0:01:05.757748
232	0011011010100101111100100111111000000000100011000101010100010010100000100101100100011100100111101100	1	1.91	1	0:01:05.795197
233	0100000011110100010001100010001011011011110010101000111111100000010010100110001010000111101001110100	1	1.91	1	0:01:05.803848
234	1000101100110111101101111001111110011010010000011111001110010110010010001100101010000110110101001111	1	1.91	1	0:01:05.803461
235	1100010110011001011111100011101011100010001101100000010000010110011010111100000011100011010101000011	1	1.91	1	0:01:05.767543
236	0000011100101110101101101110111101000110100111001010111010110110000011100101011001001000010011010000	1	1.91	1	0:01:05.774704
237	1110010000001101111111011000111000010010000011001111101011111110110100111001001111100010111010110001	1	1.91	1	0:01:05.780415
238	1110001100101011000111010111101001100011010010001011110001110011111101011101110011010111100111001111	1	1.91	1	0:01:05.818567
239	1010100110101100101111111100101100111011010100101000100111100010011110001101011111010001110111011000	1	1.91	1	0:01:05.836626
240	0100101001010111110110001100110011100010110111100000001001100110101100001001111010001111100111110101	1	1.91	1	0:01:05.821932
241	0111100101100000001110111001011110111101111111001100111100011101001011111111111011010010001010001011	1	1.91	1	0:01:05.843094
242	0110101110011000100001001111101101001100001101000010111110101001100111010111001100101101100100100100	1	1.91	1	0:01:05.779612
243	1000001100010111000011011101110001001110010011100000011111110100101100000110111110100101101001101110	1	1.91	1	0:01:05.841234
244	0001011010001111111101111000110101000000011110110110101001110110101011001011110001010000000100011011	1	1.91	1	0:01:05.836658
245	0110101100001101001011111110110010111110100111010111000010111100110111111001000110010010110110001011	1	1.91	1	0:01:05.854078
246	1110101010000011010111001100000101100000011101011010001001010110101100110010110110110111000000110111	1	1.91	1	0:01:05.760943
247	1101011011111000110111100000100010101010101101100110010110001111111010101111010000011110110011101001	1	1.91	1	0:01:05.774394
248	1001101100111011111000100111001101110010110000110101111001111001000000101010111010111110101001101110	1	1.91	1	0:01:05.758229
249	1010010001101100110111010100101110000111110100111011000110111111100110011110011010001000100101100011	1	1.91	1	0:01:05.806313
250	0100010001000001010101111100101001101111001010001000011000110010110010101011011000001111100110110011	1	1.91	1	0:01:05.818136
251	0001001100101000010011111001111100110010111011101100101000100110100010101110011110010010110100001101	1	1.91	1	0:01:05.820910
252	1011101111100011100001000100111110100010011011100001101100111001110101010010011100100010001100010011	1	1.91	1	0:01:05.768135
253	0111011111010000001010001000011010110110111011101001101110111101001001010111010110011100111000001111	1	1.91	1	0:01:05.830825
254	0010001100000001001101100100000111100101001111101010101000110011000000100101110010011011110011011010	1	1.91	1	0:01:05.815676
255	0110110001111101001100001011111101011111101100000101001110000100001001010111111000111010101110011000	1	1.91	1	0:01:05.786331
256	1111001110011000111101010110101010101110100010010000110011001111000110110000010111111001100010110001	1	1.91	1	0:01:05.741569
257	0110000100111111010110100111000011111100100110101001110001101110100010101110010011110001111101001100	1	1.91	1	0:01:05.780610
258	0001100100100000001000001111001011101110010101010111110001010010100101001000110101001110101110011011	1	1.91	1	0:01:05.783573
259	1000010010111011001100001001010110010100010011100110100000010001011100110111010101010000000110111111	1	1.91	1	0:01:05.798404
260	1001010111001001010000111010000111011111111011010100110101100110000110101101001011010011101110111100	1	1.91	1	0:01:05.797506
261	0110111110000101011100001011100011010111010010110101101000000011101010110101011010101010110110011000	1	1.91	1	0:01:05.764878
262	1000000100011101001101110000001011000001001000101010111010111100110011110101101011100001111001001011	1	1.91	1	0:01:05.750104
263	0100010111110111001100000110010001011000100001011110000100111001101100000011110101101110010100111001	1	1.91	1	0:01:05.760282
264	1110100100111100000111001000100000110110100111000010011111001100000110101100111000100110011110001111	1	1.91	1	0:01:05.766702
265	1100000010010111110111110010011001011110011011111111001000101000000110111110100111011011011000010101	1	1.91	1	0:01:05.760919
266	0100100101011101001111110001111100010100101110000111011110010010001111011101101000010001000101101000	1	1.91	1	0:01:05.752594
267	1010101100000010111001001101100000101001001001101000110000010101111100011110011000000100011111100111	1	1.91	1	0:01:05.760414
268	1001111000001111000101010001011011100000110100111110000001010110110111001110010000100001010010011011	1	1.91	1	0:01:05.732452
269	0111000111011000010010110000001011110000111111110111101111011111010101101101100010010101101000100011	1	1.91	1	0:01:05.742094
270	0101111001110100010100101010010011111010111001111010111011111100010111100101101100011001100110111111	1	1.91	1	0:01:05.760973
271	1100010011011011001111111011000010000011001111011000100000000000011011111011010010001000001100101010	1	1.91	1	0:01:05.764221
272	1111011011001010110001000110000110000100100011110101110100001001000100011111110001010101010101101110	1	1.91	1	0:01:05.733329
273	1101010111100010101111001001000001101111000010010111101010100100111010110001011000110010110001000010	1	1.91	1	0:01:05.775422
274	1110010111111001000011111101100101111111100010000000010000110001111001100011000110000001100011010000	1	1.91	1	0:01:05.732397
275	1001010000110010110100110110001110000000000110101000111011100001011111100110001001101001100011010000	1	1.91	1	0:01:05.729065
276	1101000100011111011100001011111111110100101111000011000110010101100110000100010100111100000001111000	1	1.91	1	0:01:05.723166
277	0100111011010111110001010011010110101011111011001111110000111111100001101001111110111000100111001000	1	1.91	1	0:01:05.777286
278	1100001011000000001101001110000100000000101100100011000000101001011010111010001001101110010000001010	1	1.91	1	0:01:05.712332
279	0111010010100111100111000101101011110011100101000010010110000010101000100011100010100100110100011110	1	1.91	1	0:01:05.722652
280	0000111101110000011001011111011100010000100001110001000000110001101101010101111000111100111011011010	1	1.91	1	0:01:05.721331
281	0111101000101010010010101001010101000110100000101000011010100110000111111100010110000000011001000100	1	1.91	1	0:01:05.699810
282	0011100110001010010110100110111100110010000000100010111011001001001000000110100101111011000101100011	1	1.91	1	0:01:05.721631
283	1010011010100110011001101111010110101101011001101100100110100001000111100000101011110100101010100001	1	1.91	1	0:01:05.745002
284	1000100111011011010111001001001001111011101100011110010011010110001000100010010010100000100011101100	1	1.91	1	0:01:05.728877
285	0010001000011110001011001000011101101110110111101101111011001111101110000001101011110000001011000000	1	1.91	1	0:01:05.698272
286	1110110000111000110101111100100011100001001100000011111010110000111110001010111000100001100101111010	1	1.91	1	0:01:05.726912
287	1101001100110100111101101010100100111101000010111010101100101100111010101111101100100011011110100110	1	1.91	1	0:01:05.749027
288	1110110100001001010010001000100111011101001111100101010111010100100101001001100101111110100100111100	1	1.91	1	0:01:05.722226
289	1111110100101100110010000110011011111111110000010011101010111101000111000110101000000111000110100111	1	1.91	1	0:01:05.761213
290	0100111100010101001001111111110011000110000100111011000110110111000101001100011010001011001011101001	1	1.91	1	0:01:05.702715
291	1111011001111000111010001101001110110000101110010011110100000001101000101111111001011101110000110100	1	1.91	1	0:01:05.708198
292	1011001111110111100010111000101011101101010000111111100001010000110011101001010010101111001101000110	1	1.91	1	0:01:05.699772
293	1000110111011111000001101110100110101100011000110110000001001011000100101000001001000010100010001011	1	1.91	1	0:01:05.681618
294	0110001111011110101010100000111110001001010001010010100111010001001001001011111111010111100011000111	1	1.91	1	0:01:05.685782
295	1100001000010101010100011010011010110011011011011000001010100001001010001100011010000011011010110010	1	1.91	1	0:01:05.715756
296	1100010100111100111110011011111001101010110100110111010111110101111110001001110111111010101110101110	1	1.91	1	0:01:05.756759
297	0110011100110011110011000110111000000001010100111001000111110111011100110101011001001001010010000100	1	1.91	1	0:01:05.722606
298	1001111000001100001001101100110001011011100000110000101010000100000000101001101110011000001101110011	1	1.91	1	0:01:05.727478
299	0011100110101000111011011010111010110111101111000111001101010011011100010100110011011001011011000110	1	1.91	1	0:01:05.709277
300	0011111111100011011010011100100101101101100100111011100111011111101110110101111001101001011101101010	1	1.91	1	0:01:05.723557
301	0100101000110010001110100010001101011101100010100110010111010011000000011000111100011001001110001011	1	1.91	1	0:01:05.722329
302	1100000011011110010100100001011111011000110101001011101001100110010101000010110011110111101100000111	1	1.91	1	0:01:05.756727
303	0010000110111111100110000000111001000110000010010110011010000111001110101111101001110010000000010000	1	1.91	1	0:01:05.688870
304	0111111010011001001000010010101011110000101011010100100111110000011001011011100010011110011001010000	1	1.91	1	0:01:05.642910
305	0100010100001000110001000010000111010000010111110000101101000001100111011001000001110010000101101101	1	1.91	1	0:01:05.711621
306	1101000000110010010101000011110110010110111000011110011111001110111111110101100011011011100011001010	1	1.91	1	0:01:05.698867
307	0101110010111011101110100010101010001100001100110110011010100111110101000100110011011100100011001000	1	1.91	1	0:01:05.740363
308	0100010011010100010111100100100101011101101111100111001010011111010111001110110011001011011111101011	1	1.91	1	0:01:05.681247
309	1110101111110011000100100110000000110100010011000000010011011011001111110111100001000110101001101110	1	1.91	1	0:01:05.709051
310	0111100000100101111100000111111011011110100011100111011000011011010000010011011000011010001001111011	1	1.91	1	0:01:05.727255
311	1100010101101001000111000010100010110101101011111110001110111110011010110100011110000101001100000001	1	1.91	1	0:01:05.704681
312	0000111111101101000010101111101111010010011000110110010101011110110000110011001111001100010110000100	1	1.91	1	0:01:05.725222
313	0111011101010110110111011110101101011001111000001011111000000100111100000111111101001011111110100010	1	1.91	1	0:01:05.725459
314	1010110111101011101100000101111111111111000100100100110110000001001010000010100000010010010000100011	1	1.91	1	0:01:05.704678
315	0000010111011100110011101101001111110000010000100001111111100000001111000111011110100011001010001101	1	1.91	1	0:01:05.715930
316	0010010011110001101000010111011001110000111010001100111000011011001101111000101001101000110010111000	1	1.91	1	0:01:05.710670
317	1010011011101000000110001010100000010000110011110101101010110001101010100110101110111010001111111101	1	1.91	1	0:01:05.728721
318	0001010011001011001001101111110010000111111010001000101010011010101110101110101000001000010100101101	1	1.91	1	0:01:05.745859
319	1110010010111101110001000010000010110000110000011010010101000101100101101111001110010101010101011101	1	1.91	1	0:01:05.745614
320	1110001000001010001001100101111011101010101001110110000111001101101010111101001011011110101111100111	1	1.91	1	0:01:05.685794
321	0101000011010110000111101010010101110000111101010111111000101000011101110010111110010010001010000000	1	1.91	1	0:01:05.767241
322	1001111110110011110101001010010100010001110001110100000100101011011010111000100001110101001111010011	1	1.91	1	0:01:05.700691
323	0010010001011001011110110001011011101111100011110010001001011110001001011100011101010001100000001011	1	1.91	1	0:01:05.741265
324	1100001001110100111011110111110100101110011010011110110011100110011011111101000111000110000001011100	1	1.91	1	0:01:05.678910
325	1001101111010011011001101001111010010010011011110110011011000010001111101101000111000000101111011110	1	1.91	1	0:01:05.685323
326	1110100100100000110011110100101110111111010001101010010001000110010101110100100010111000011100111110	1	1.91	1	0:01:05.664724
327	1010010110011000011011111111110101100001000010011011110010000100110010010011011100000110111001100011	1	1.91	1	0:01:05.648240
328	1110000111010101101001001011010011111100111010010011011010001010001010010001110110011011111001011100	1	1.91	1	0:01:05.708647
329	0011111010111101000001111110100011111000011100100100000101101010110110000010000100010011100111000011	1	1.91	1	0:01:05.681354
330	0110111001011111111011000110011100101010101010101001000011110110001110110000001100111101010110111111	1	1.91	1	0:01:05.703372
331	1000101100101111011000000100100000100100010111101101010010001000100011111111011011111010001011100101	1	1.91	1	0:01:05.714977
332	1101101011001010011010001111101101010101011000111010010000001110111110111000110010000011101001011100	1	1.91	1	0:01:05.662645
333	1101001101001111100110010101111011010001101001011000110100100010111011001000101001100001110000011111	1	1.91	1	0:01:05.660703
334	0100100101101110011010000011101110100010011100101000110000011100000110000111110100001000000111101101	1	1.91	1	0:01:05.703867
335	0110111001100001100100111100011101011111001111110000100101001111111111011101001001111010110001001100	1	1.91	1	0:01:05.707654
336	1000101101001100111100001101101010110110111011101001011100100101101010111001101000111100001000100101	1	1.91	1	0:01:05.683637
337	0010101001001110011100111111111110011010111000111100100001010000001101011000111100001011001110011001	1	1.91	1	0:01:05.649273
338	1011111010001010101011111011111111001100110000111101110110101111100110100110111010111001010011101100	1	1.91	1	0:01:05.631967
339	0100101010001001111010101010110001111111111010001000011000100001000001010011101101000001001010110011	1	1.91	1	0:01:05.650501
340	0010101010100110101100100100111001000001010111010001110000001111010010100010111010000010011001100101	1	1.91	1	0:01:05.670204
341	1011000001001010011110100100001000100101011011011011010110101101110011101110101000001000110100110000	1	1.91	1	0:01:05.732149
342	1000110101110001100000101011110000000111101111001101010010100100111101110000010101111010110101010001	1	1.91	1	0:01:05.671563
343	1100000000000010010110011000101100111101100010111010110101101000011001000111101010010100100001000010	1	1.91	1	0:01:05.664640
344	1100100001101101000011011100110000111110111001100100110110101001001010111011000101000011111111011100	1	1.91	1	0:01:05.680557
345	1101110010000000110101101101100001110101000101100010000010001011101101000000111001001100100101010001	1	1.91	1	0:01:05.681681
346	0011010011001100011110011101010000011101000100110101000101011001111011011000000100111010100110100110	1	1.91	1	0:01:05.698086
347	1001110011111011000010111011110011011010101110111001110110011111111000010000011001010100000100001110	1	1.91	1	0:01:05.671961
348	1000111000010011000010010010000001110111010000000010100010000110111100001000000001000101100000000010	1	1.91	1	0:01:05.658689
349	1011000111001111001010110001000011010001111100111011001001100011101001011001001111100011011001110100	1	1.91	1	0:01:05.693761
350	1101010001100101001100001001111001011110111000110011110001010111011000110110001111011000000000100111	1	1.91	1	0:01:05.714856
351	0111011111011010100011000010001100110000011010100010101100000001101000100000100001111100011101111001	1	1.91	1	0:01:05.682931
352	1001100101010010101111001000000100101010011101111101111010100011110100101011001101010000001001100001	1	1.91	1	0:01:05.708135
353	1101100011111001111101011100011011111001001111011111010011010100001000000000011101001011001111011110	1	1.91	1	0:01:05.714319
354	1001001100101011110100001000011110110001000100100111011011011101010000110000010001110110010110111010	1	1.91	1	0:01:05.744822
355	1110010000100100100100010110000111100010101111111011111010010111011110111000111000010010110110011110	1	1.91	1	0:01:05.751240
356	0111000101000110011000110010110011001100010111111011001001111100000001000010001111101101001110000001	1	1.91	1	0:01:05.714063
357	0010100001101111001101011101001111100101000111000111000001110000100000000000101011001101111101100100	1	1.91	1	0:01:05.691866
358	0111000000011111100100101110100111110110101110000110110010000011101001010100001100010000011100110011	1	1.91	1	0:01:05.662251
359	1011111001000010100011000110000011010100110111101001100001010100111110101000001110000110001001101000	1	1.91	1	0:01:05.700461
360	0110100000101010111100001101110010001000111001110001100010100000110001110101101101100100011101000100	1	1.91	1	0:01:05.700052
361	0000001101110101101010001000010101101000111000110001010101111111111001111010010000100110101110000001	1	1.91	1	0:01:05.722835
362	0010010010011010101010001100011011000101011001010111010110111010101110000001110110000001111000111101	1	1.91	1	0:01:05.703745
363	1100001011001000111001010110001110110011010010011000100000011001111011111000001111011001101110001010	1	1.91	1	0:01:05.680560
364	0100000111011101010001110100101001001101101001001000100000000010111010110011101110000110011011001011	1	1.91	1	0:01:05.659232
365	1010001100000010100101010100100101000001101111101101110000110011101111111010110010100100100000001100	1	1.91	1	0:01:05.676292
366	1010100011100000110110111001011101000101111000001011101111010110110000100010100110001101011001010111	1	1.91	1	0:01:05.664354
367	1011000011010010001001101101000101011110101101010110010000011000111111111111011111010110010110000111	1	1.91	1	0:01:05.691580
368	1110000111110010011111001111000000010000101110101100000010011010100000011101110001011000011101101111	1	1.91	1	0:01:05.676603
369	1011000110010110101111010111001100001100110110100011100111100110000111110100110001001011101100011010	1	1.91	1	0:01:05.698127
370	1101110111001101111100010100001010111110101010101011011110010101000111010010011011001010011101001011	1	1.91	1	0:01:05.671273
371	0011100000000010011001001011011000111000000100001110011001000101110100001011110010111100000000001000	1	1.91	1	0:01:05.681011
372	0100111001001110110011111110000101111111111110101110000110011110011010111010110111101111100100011001	1	1.91	1	0:01:05.695493
373	0001110111000001100110100010100100110100111110011110100110010101000111001111011001100110101001110110	1	1.91	1	0:01:05.692036
374	1100110111001110001110111001111001101000101010100001001011111100010101000101111000000110110101110110	1	1.91	1	0:01:05.686131
375	1111101110100000010100011000101100010101001001110111010110001000111010101111110001100001010100000110	1	1.91	1	0:01:05.688238
376	1100100101010101001010110111001100101111100101100111011011001111110110111101011000100001101001000000	1	1.91	1	0:01:05.655955
377	0111000001110110110101011011001000100101010111100100001001000100000100111010110101001111010011110010	1	1.91	1	0:01:05.707226
378	0110001111110001010110111001111001111000100101000110110010001110110110010001110011000000010010111100	1	1.91	1	0:01:05.665023
379	1110101111111110110010100111101110101011101011100011101000010101111010100101100101000111001100010000	1	1.91	1	0:01:05.683848
380	0011000111100110111011010101000111000100110101000011000111101001000101011101011001001111001111000110	1	1.91	1	0:01:05.680475
381	0011100000100011000101000111010100010000001010001010010111000011110110110000000010010111110011100011	1	1.91	1	0:01:05.635452
382	1101101110100100011011111100100100001101100110000100100001010110111111101010100010010000110100110110	1	1.91	1	0:01:05.620812
383	0110010010110000101011101111010100011011101100000111011010101001100010001001010000000001101000111010	1	1.91	1	0:01:05.656521
384	0111011001011000111100010010000110010100111111011010100001111110100010000011011111001100011100101100	1	1.91	1	0:01:05.621640
385	0011011000010010011101110011111110010110110011101100100111101110010000001100010001111010010010001100	1	1.91	1	0:01:05.666571
386	1110101000011101100111101111001011001011101000111010111010011110110000111101101000111100011100011000	1	1.91	1	0:01:05.685683
387	1111111101010000011000110111000011001100011101101110000000000101001111100001011000000101100101100001	1	1.91	1	0:01:05.644028
388	0101110110000111010000111011111011011101010101110010000011110010001010110101001000010111101100100110	1	1.91	1	0:01:05.663509
389	0011010110001101101010010110010110010000010111100100000111011111001110100100100101011100110100001110	1	1.91	1	0:01:05.666532
390	1000000011001011000011100011101101000101100100000101000001000101011000010010011111111100010001000100	1	1.91	1	0:01:05.631440
391	0001101000110011010110111111000011100111010100001011100110101000100011110101001001111100101011100110	1	1.91	1	0:01:05.664367
392	1110011011101111000001111001111111111100000101101100001100010001111101101000101111000001101011000000	1	1.91	1	0:01:05.667236
393	1111001010000010011011100110111010001000011011011110011100000110100011000001011110011011010001001101	1	1.91	1	0:01:05.654823
394	0001001010101111001000100100100101001111000100101010010100001011110100000110000000010001000101000101	1	1.91	1	0:01:05.686001
395	0110101101010011001110101011010011110110011011101111010100111000100100011010111001000010001111010000	1	1.91	1	0:01:05.720175
396	0000111001100010010001111100101000110101100000000101100001111001010100110010101001011010001000010010	1	1.91	1	0:01:05.644183
397	0111000001000000110110001100011001110111100100001000010110111010110011011111010100011010000110001101	1	1.91	1	0:01:05.633833
398	0000110110010011100011001000001111011000100101001011011110011001100000000100101111001110111000111010	1	1.91	1	0:01:05.677169
399	0011011001100000111011001110100100100101100000100111000000001110011100110100100011011011101111001110	1	1.91	1	0:01:05.688094
400	1101100101110001010000100111111010010010011000010010101001100010100110101101001100000000010100110100	1	1.91	1	0:01:05.661134
401	0001000011001010000110011110001000101010011101010000110100011111011001001011100100001001000101010000	1	1.91	1	0:01:05.633688
402	0110111101110110111000000111010111001011100011001011110100010111110010111010111011101101011110001101	1	1.91	1	0:01:05.658635
403	1110011000000101100011110011111011011010110000100000001001001100000111101000110100010011001101110001	1	1.91	1	0:01:05.659942
404	1100111000010110111000010001110100110000010111111111110100110001010110111010111001001001010100010110	1	1.91	1	0:01:05.667804
405	1000111101001111111010000100010010000100111011001100000000000110100010011100000000101110001111100111	1	1.91	1	0:01:05.674582
406	0111010100011100101010010011100010100100111111110101011000011001110010111101001001011110001111100110	1	1.91	1	0:01:05.677459
407	1111000011010000111110110001011011010101111110000001011101001101000100010000001011011110111101010001	1	1.91	1	0:01:05.653966
408	1001111100111010101110111001110011111110010110101001011011011010000101010100101110101000000101110011	1	1.91	1	0:01:05.676761
409	0100110111111001110110000100011110110101000000001010101011000001001100000011100000100000110111001001	1	1.91	1	0:01:05.680453
410	1110101110000110010100001101101110010100010100011000011000111100101011010100000011010110001100111111	1	1.91	1	0:01:05.645214
411	0100100111011010001011100101011001011000000000011111101011011001000011101111100111010010101011101100	1	1.91	1	0:01:05.665371
412	1111110010100100011011001001001111000010111010010000101101101010011110001101010001011001110000001101	1	1.91	1	0:01:05.651581
413	1101100110100010000110010011000110100110011101110000110000010100101000000100110100000111100111000001	1	1.91	1	0:01:05.632787
414	0000101100010101010001100001001000101011010001101000110111101110010100011100111010000010010010100111	1	1.91	1	0:01:05.689188
415	1001100111001111001001110010101100011000000000101111001111100111110100101100011010111110111010111110	1	1.91	1	0:01:05.674080
416	1010010101101111101100100100101001010011100011100101101010111101010101001010000100100101001001100111	1	1.91	1	0:01:05.670192
417	0101111101100010101011010001101101111011111001010110001001011100001010100000010111001001000110011111	1	1.91	1	0:01:05.632832
418	1100110010011001110011011101001110101001110001111001011111110001100110011101111111110100001001001010	1	1.91	1	0:01:05.639631
419	1000000000010001000111100101011101101111011011111101111011100100010010101101110110100111001111001010	1	1.91	1	0:01:05.646945
420	0110000010011111110111100000101001110111001001110111100101001010110001101000010110101010100111010010	1	1.91	1	0:01:05.644759
421	0010000110000001101101011100001100011001101101000100101011101101010111001110000000011111111100010010	1	1.91	1	0:01:05.654922
422	1110110001000000110101100010100101011000011000110000111011110010100101010010000011111110100010100100	1	1.91	1	0:01:05.714039
423	1101110101101011011001101100010100111100111110000100011111000101010101011111100110001010110001110001	1	1.91	1	0:01:05.673622
424	0011001110110110111010111001101001000011100111100011101101100001101101011001111011100011000110011001	1	1.91	1	0:01:05.655614
425	0010110111011000110100101001011011101111110000010010001111110101010010101100101000010001100010110010	1	1.91	1	0:01:05.682433
426	0110010111000011010111001111111111010000101011100101001111110111001000100111010110110110001000111111	1	1.91	1	0:01:05.638577
427	1111010001110101001011011010001111100111100100001010101000010110011010111100111001001100011111001001	1	1.91	1	0:01:05.664371
428	1111001101001110100100000110101000010000100101010000000110011100000100001011001011011100001100000010	1	1.91	1	0:01:05.662315
429	1101010101100101010101011110111101100110011100111001010111110001111110010101100011101010111011111101	1	1.91	1	0:01:05.689292
430	1110100010011100100011011101101011000110000111111101010100011010000000010010111001000101011010011101	1	1.91	1	0:01:05.670606
431	1001010011000111011110000001101101101010110101000100011101000110010011111101100000100110110001100110	1	1.91	1	0:01:05.705629
432	0011110000111010011110110010011000110111111010011010100110100100111010011010011000000110101111100100	1	1.91	1	0:01:05.675894
433	1000000011101100110100000110010001001111001011111011001101111000101001000110100111001000110111011101	1	1.91	1	0:01:05.677941
434	0101001110010010010000111110000100010101111101110000010000010011010111100010001110110100110101000110	1	1.91	1	0:01:05.696416
435	0101001011100100000010000000010010101110110101101001000010111011110010110111111101001010111001000000	1	1.91	1	0:01:05.626752
436	0000001001001010000011100100011101110110101011110110010101011101001011111010110001100111100000010011	1	1.91	1	0:01:05.616869
437	0111100000010111110011110001011001101100100000110111111000111101100011000011110110110000010110010111	1	1.91	1	0:01:05.677678
438	1101100011101010101011101100000011111001101111111000111110000110100110001100100011010011100000111101	1	1.91	1	0:01:05.644200
439	1101111100111110111100100111001100111010100101010111100000011100011000100001110110111101011101001100	1	1.91	1	0:01:05.630936
440	1001001011001011011100100010101011011000011111111001101010010011110101000010010000100100011000011111	1	1.91	1	0:01:05.655652
441	1111001001001111110000101001001010001001111000111001101101110000001100011101000100001101010011110100	1	1.91	1	0:01:05.660822
442	0001110000010011011000001111011010000010001000010001011111101011010000001101011111111011010000000011	1	1.91	1	0:01:05.676104
443	1000011001111000000000000010110110110000011001001010111000000100100000101100011001011001111101111000	1	1.91	1	0:01:05.661039
444	1101010010000000110011110001001111100100000100011001011001100100101100010110010011110111001000100111	1	1.91	1	0:01:05.623351
445	0111111111111100101101101100001110110100011010001000100001010011110110100100110011001010011000100100	1	1.91	1	0:01:05.647012
446	0101101100110111010001100001101101111010100110111110110011101100101000001100000000110110110011000111	1	1.91	1	0:01:05.609445
447	1001111111000001001000000100100110010010111100100100101010001010000010110111111000100100100101010100	1	1.91	1	0:01:05.646208
448	1010010001011010111001100010001100011000000011001110000001011010010101001100001101011100001101000000	1	1.91	1	0:01:05.627279
449	0100111001011101000001110100110001001000110100001110110100011100110010000101011111011110110110101110	1	1.91	1	0:01:05.669286
450	0100011110011000000011101001110100110110010101100111110110010000000000001101000000110101000000010101	1	1.91	1	0:01:05.646275
451	0111110000111001111011101000011111100111101101111111110001010010100010111011100000100111111110010010	1	1.91	1	0:01:05.648056
452	0011100111110100001000010101001110100011000100111011001111110001001011110001111110101111000100000101	1	1.91	1	0:01:05.652046
453	0101000101000100110000010100111000101000101000111111010011001101110011001110001110110101011010111110	1	1.91	1	0:01:05.673005
454	1001001010011000111101001101110100001000010011011000011101000001101001010111100001110111111101101000	1	1.91	1	0:01:05.676878
455	0011111001000100000100110010100100100111100000111111000001011010001100010101011100000101101101110111	1	1.91	1	0:01:05.694966
456	0011111011000110001010111011010011111001110011001100010100000011111100011001000000101110001001010101	1	1.91	1	0:01:05.616617
457	0011100101100011100011010101001010001110111110100101101010001101100001011111001100010110100010111101	1	1.91	1	0:01:05.631997
458	1001001101111000010011001101110000000101011101011101101001010111010110101011011000101010011110101101	1	1.91	1	0:01:05.634291
459	0101110001101111101101000100001001100011110100000001100111100001001000111110011010100000010010000101	1	1.91	1	0:01:05.633381
460	1010010010010100101010110001010000111111111110000011100000101101110110000011011100101111010001000101	1	1.91	1	0:01:05.642804
461	0000000011111010000011100101110101010100110101000111111101111100001010111111011011010101110101001111	1	1.91	1	0:01:05.648567
462	0001101101111110101011100010010111011010001011100101010100001010101000111111000110000000100010000111	1	1.91	1	0:01:05.629458
463	1000111010001011101101111000011011101111110111000110000111101100101110111010001111100000111111101010	1	1.91	1	0:01:05.608060
464	1001010010011001110010010100111101100100100011010101010111010010100110110000111011111100000000000010	1	1.91	1	0:01:05.609559
465	1001111001101000001001001001001100010011010000010111000110010100011110011111111001111101011010100110	1	1.91	1	0:01:05.607495
466	0011001111010000011010111100110011011101001111101000111010000100001001011001010110000001011111110110	1	1.91	1	0:01:05.618057
467	1011100001011000010111111001101001101000110011001000010001000101000001101000001111011101001000101011	1	1.91	1	0:01:05.639231
468	0000010010111100000010111100100000101001110101010101001011010100010100010010101110011011101101110000	1	1.91	1	0:01:05.646616
469	1011010000110101011010100100011110000011001100000101011101001101000111110010110010111010000000101000	1	1.91	1	0:01:05.670581
470	0010111101001101110001101000110101100010111111101111001111000100011110100001011010110101010001100110	1	1.91	1	0:01:05.637109
471	1100100010111110100100100000111100100010100101001111101011010111001110011011100100001111011111100110	1	1.91	1	0:01:05.659558
472	0010001000101101100111000101100101000010100101100011100001111001110001011111110111001110000000111010	1	1.91	1	0:01:05.687821
473	0100010110001001011010111011010011010101001011101000101110111001110010011010111101011111001010100000	1	1.91	1	0:01:05.674109
474	1000100100111110011111100000011111001010001110010101011011101100011110110010111001101011100110000101	1	1.91	1	0:01:05.649354
475	0010010100111111000111101111100101010011010100100001110101101011100000111100111011001110110110100110	1	1.91	1	0:01:05.622660
476	0111011101101011110101100010010001101110111100100011011011110100110100000011011000100111111101001111	1	1.91	1	0:01:05.654365
477	0000001110001001101001000011001111010001110000010110101101011111001100000111100000001111011110000111	1	1.91	1	0:01:05.616539
478	1010010110100101110001100110010010110101011110001110000100111000101110010101000101100111110111111101	1	1.91	1	0:01:05.667396
479	0001111100110101101110101110000110000100101100001100001100001110110001000011001111101110011100001101	1	1.91	1	0:01:05.659236
480	0100111010110001000000000101101100111110110001001110011101111011101011011001011001011011000101010000	1	1.91	1	0:01:05.661067
481	1111111011100001100001100001111100000110100011111110101011111101101100000001100011010000110010100100	1	1.91	1	0:01:05.663693
482	1111000010101100111011110100110101110100011000101011101111110110100110101100110011100100010011001010	1	1.91	1	0:01:05.679144
483	0100110000001001001001001110001011010100000110111011101100000011000101010100011011000101011001110110	1	1.91	1	0:01:05.653362
484	1000000010011101111000010100010100011010110001110001001010110011110100101100101011110000000010001111	1	1.91	1	0:01:05.651235
485	1101110010001011000110100111011010010010000000110111000100110010010000010010100000010000001000000000	1	1.91	1	0:01:05.659156
486	1100101010000011011011100011101000100000111011000111010100011000000010000000001000011100110000100011	1	1.91	1	0:01:05.632675
487	0111111111100110110000100101111000001110100101100110000011101010001100100101010010011100011111101011	1	1.91	1	0:01:05.624219
488	1000010101100010101101011001110010000101010010100111101010010010110110000111001001011010101011100101	1	1.91	1	0:01:05.642315
489	0101110001101010011100011000110100011001110100110110001111101000000000001000110010011110101011111110	1	1.91	1	0:01:05.673966
490	0010000001101110010000001010010101010110100100001111101110100001000011100000111101011101111101110010	1	1.91	1	0:01:05.674552
491	0011100111000111110001010111000101011000001101010000111000111000011010001011101010111000110000111011	1	1.91	1	0:01:05.662816
492	1101110010000011110101100100100001001010011011001011101010100110100001011010101111010010000111000111	1	1.91	1	0:01:05.644337
493	1001011110110000001010111010100100101000011001100110101111011110111000100000100111000011000000100011	1	1.91	1	0:01:05.674590
494	0000010010110010100111010110001010001010111100010100011111001100110001000000101001101100000110100110	1	1.91	1	0:01:05.668729
495	0000111101111011110111111001101110101001010010010010100101100111000000111100011101110000010100010001	1	1.91	1	0:01:05.632390
496	1000101010010010000010100100101001101100011110011101001001100110101110011000111110000101011001010100	1	1.91	1	0:01:05.660624
497	0001111110010001011010110110100001000110001111111001111101001100100111110010110110110111010011101011	1	1.91	1	0:01:05.665892
498	0111010110000110010111011001000100010011100011111100101011011001000110001100000111010011100111010000	1	1.91	1	0:01:05.596191
499	1011110110010110001100000001001000000101011000011010101011100011100001111110000010100100011001001110	1	1.91	1	0:01:05.657451
