idx	label	predict	radius	correct	time
0	0101011100001111011010100001101011010011001110001110111001100011101100011011010111011000011110000011	1	0.114	1	0:01:24.123643
1	1101100101001110000010100000110001001101011110110001101010010001010001001100100101111000001111111101	1	0.114	1	0:01:21.212288
2	0001110000111000111101010101000001010100101110000010011011100000111000111101101001111111100111000001	1	0.114	1	0:01:23.006228
3	0111010010100110110001101110010001001111000000110111100110111010111110000011001010101111110101010101	1	0.114	1	0:01:25.912770
4	0101100100101101110101101100011000100110001010010101000110011101011100100101110100001110100110010101	1	0.114	1	0:01:23.842708
5	1001001001101010011011100101000100100101100111011111010011011101110111111001110001110101101011100001	1	0.114	1	0:01:22.952228
6	1110011111010011101000010000100110010100110000001101011111110101010110001111111110110001011100100101	1	0.114	1	0:01:23.503165
7	1001110010111101100101001111010101100010011010001101111101011100110111010110010001101001010010110010	1	0.114	1	0:01:23.712282
8	0111101110010110111111001100111101001101100000010111000000011110010010100010101111010011010001100010	1	0.114	1	0:01:23.241524
9	1111100101101001000001000010000010011100011100101011011100111011100100010101100000001100101011010010	1	0.114	1	0:01:23.727215
10	1100011001001001101111100100011100100101101000010110001101011111100111101000001111101000001110110111	1	0.114	1	0:01:24.014219
11	0111011011011110100100100110011111101001001111001011100110100001111111100010011011100111110000001001	1	0.114	1	0:01:23.924487
12	1100110101001011010000111110001010100101001110101111010001110100010100110111110001011011101001100011	1	0.114	1	0:01:24.000726
13	1100010101111100001001010011110011010010100000110100100011000011100001011011111001111100001101000110	1	0.114	1	0:01:24.333543
14	0011000110000001111111100000100011111111001011011011010111011110111100001010101000010110110110011100	1	0.114	1	0:01:24.266616
15	0101100000011001011100001011101110100010000101001101111000101011001101000000000010101011101010100101	1	0.114	1	0:01:24.001692
16	1000101011000000100011100101010000111101110110011001000101001111110010010011010000000000101010010100	1	0.114	1	0:01:25.147987
17	1110111111100010110101000000111010100000111000010000010111000111011111110111100110111100100000110100	1	0.114	1	0:01:24.185042
18	0100010101110000001110111100010011000010011111110010000100100000110100000100110000010100011111100001	1	0.114	1	0:01:24.087384
19	0110111010111010001110101100010100010000100001100010001111111000110010001110101011100111101100110111	1	0.114	1	0:01:24.677290
20	1100001101011101101010101100110111101011001010100101100100000010110100101110000101011011111010110111	1	0.114	1	0:01:24.694061
21	0101001111101110111000011100100001001001100010000010010010111111010111011001000110010100111001010111	1	0.114	1	0:01:23.675081
22	1001010000110111110100101000101010001111110000100111100100010100110101000010010111110100011001011010	1	0.114	1	0:01:25.221403
23	1011000001000110011100100011100001100100010111011010010011101101101010011010111011001111011111101111	1	0.114	1	0:01:23.562674
24	0011001000000000010001101101100101110101101101110100111010101011001100011011101001000011011111010010	1	0.114	1	0:01:24.686501
25	1010011010100001101000101001000010110110111001111101011011000010000110101110011111101101110000010101	1	0.114	1	0:01:23.567508
26	0100101010111101101111011101111101001011101011111010111110000110000110110110000111000110001110010101	1	0.114	1	0:01:24.230161
27	1011100110101010010011001000000111010101111000101001111110101111000010000100010111000000010100100111	1	0.114	1	0:01:24.595898
28	1100110011001000111111110000001001101000001110110000001110111010100000111110000101010110010100001011	1	0.114	1	0:01:23.833644
29	0110010100100000100010011111011111110010100001110101110110011010101110001001010011101011110100100000	1	0.114	1	0:01:23.676081
30	0000101100000100001111001001001000010110110000110011001010011010111101011101011110000110000001010001	1	0.114	1	0:01:23.325189
31	1011100010101001101011111001111000111000000111000000011100100101000110011100111110001010010101011011	1	0.114	1	0:01:23.926258
32	1111101001011100010000010111101111100001110001010011001101010100001011001101101011001010101100101101	1	0.114	1	0:01:24.125610
33	0001111001010100111111110101000100100110001111001100100111110111000111011000001001111110101111000111	1	0.114	1	0:01:23.813997
34	1000010110011011101100000011110001000111000010110101001010100111011110111011111101010110111101111001	1	0.114	1	0:01:24.350530
35	0011111000001000110010000000111001100010110001011101000100101100101000011110111101010110000011111000	1	0.114	1	0:01:24.069965
36	1010111101011010100110001111111100000001101100111110110110010101110001110000100010111111111010010001	1	0.114	1	0:01:25.332513
37	0001010110110000110011101111100101000010110011110101101011101000001010001011110110111101111100001010	1	0.114	1	0:01:24.188345
38	0010110000000110100011111000000110100111001001100010100010100001101001001100100101111011011001010101	1	0.114	1	0:01:23.568860
39	0111111111001110101101101000111001100011100100110100100100110101111011001111001100101011100000001011	1	0.114	1	0:01:23.327073
40	0000010001111000011100011111101010110010110000110010011101011101001101100110010101100000000001111110	1	0.114	1	0:01:23.354821
41	1101100111010111101000010100011011100110110010111000110001001101111100101110011010010010110000110011	1	0.114	1	0:01:23.286492
42	0110010011000000111000110001001110011000100001100011000101110100111101001011110000101111011000000001	1	0.114	1	0:01:23.358179
43	1011000100000110000001010011001101100001110011001101001111111110101100010110001010101000000000010010	1	0.114	1	0:01:23.117536
44	0100110111000110000010100111011001111010000000001101000011111100110100001111011110000111110101111111	1	0.114	1	0:01:23.472937
45	0100010100011011000001101010101010000011011001010101001010101110010101011001101010101001110011001001	1	0.114	1	0:01:24.164091
46	1101100001111100011101101001101101001010100111101100111001011100110111101110100100100101011000011101	1	0.114	1	0:01:23.481831
47	0100100100110110010011101111011010000000100011010101101010001001001000000011111001000001011001110000	1	0.114	1	0:01:23.026620
48	0111010111110010001101000010101100011011100000010011110000100111100001101100010011011010100010010001	1	0.114	1	0:01:24.650998
49	1000000110101010101000110100111110111001010001111010011101101110111011110001001101100111001111001101	1	0.114	1	0:01:23.371963
50	0000111101111101101001110100000101000011110111110001010100001011101010100010101110000100110110000111	1	0.114	1	0:01:23.405020
51	1000101110110010011101110111011011011111101110011011100001000101100111011111001011110001001100011101	1	0.114	1	0:01:23.496488
52	0011101000010011011001110011101010001110000011110111001000111111010111101110000010111000101110001110	1	0.114	1	0:01:23.907285
53	1100111111011100000000110011111011101100001111111010001010000111111011110010001001000100001101110101	1	0.114	1	0:01:23.287451
54	1011100111101100010000111100110001101111110110111101101011001101010011101011100110110111000010000000	1	0.114	1	0:01:23.375526
55	1110000101111110110111001101000101100011110000011010101100001111000100010100111011000101100110111100	1	0.114	1	0:01:24.860820
56	0000000100100101100010101110111111110000100010110010100111001111011001000101001101100111100001101010	1	0.114	1	0:01:23.426708
57	0111010010100100001110000001001001100111010110011010001011100111100101110010010010000010000100101110	1	0.114	1	0:01:23.952557
58	0111110001001011011101010111011111111111010000011000101001001110101111111111110110111000000000101100	1	0.114	1	0:01:22.777870
59	1101111100011001000101011101110111111111101010110011110111101000010001110010110100000010000010111111	1	0.114	1	0:01:23.034135
60	0010000011101011100000010111001011111001001101101100011111001001011110011100111011110111101001011100	1	0.114	1	0:01:23.252305
61	1001100100011000101110101110001100010110100110001101001111100011000011000101011011111001001101110010	1	0.114	1	0:01:22.785697
62	0010000111111101111111010000100000101011000101010001111010010100100101001110111100110010010011000010	1	0.114	1	0:01:23.353187
63	1011000110100010001111111100101101110001000001110000011110111001001100000110010010000111001010111011	1	0.114	1	0:01:22.634063
64	0000110101011011110011111000100110011001110000100100001011110001110110011101101111011101100111000101	1	0.114	1	0:01:23.215237
65	0110111110000110010011110001101110100011111010011001110001111010001001000110110110110110110110001110	1	0.114	1	0:01:23.262312
66	0010100111100100001111001011111010101111010011010100011100010001010111101110111110110011000110100000	1	0.114	1	0:01:23.085234
67	1011100011100010110111110000001010001011001010101110000010110001111000100111011000111101111101100110	1	0.114	1	0:01:23.224477
68	1010000010001010010101001001101001111111111010011110011110111011100000011101111011010001100000110000	1	0.114	1	0:01:22.751216
69	1101100111111001111110001000100111100010000010111001101110101110000000001111100111011100110100011011	1	0.114	1	0:01:23.009360
70	0101001001111111001110011101111011111000000010000001101010110001111100101010110100111100010100111111	1	0.114	1	0:01:23.037185
71	0100011010100110001110000101111000101000000001001101011010001001001101000100001101010110001001001010	1	0.114	1	0:01:23.067966
72	0100111011000111000100000101010001100110100110101100001101101011011110010100000100111011111111100001	1	0.114	1	0:01:23.306575
73	0111100100111110000011111001111010101110111101001001000001000101111111000101000011000010101111111000	1	0.114	1	0:01:22.912833
74	1100111010010010110100101010010111000011011111100011010010110110010111011011010001010001101101011100	1	0.114	1	0:01:23.088105
75	1000111100110001110010000010100111101101000100100000001101100001011011111110001111110010111111000010	1	0.114	1	0:01:23.148376
76	0101010000000101111100010010010100010000010101000010101001111010110010000010110111001001111000101100	1	0.114	1	0:01:22.969080
77	1101000110101110100111101111110100101010110110010100011001011101010001000101101010101101001110110100	1	0.114	1	0:01:23.637023
78	1110011101101101100111000000110110111001001010000000000111110101011010011000001010001110000101001101	1	0.114	1	0:01:23.703343
79	0011001111101110111100111000110010011111011001110011110011011001010000110101100100110101011100111110	1	0.114	1	0:01:23.424571
80	1010101010110011111100010100011001100100101100111101101001111101101101010110111111011000000110101001	1	0.114	1	0:01:23.757311
81	0110001001010111010110100111001001111101001000011001001000000110001001001101001100000101001110001001	1	0.114	1	0:01:23.672929
82	0000011000001100100000100010110011100010011101111010011110000111110010100001001011110001010000000110	1	0.114	1	0:01:23.814678
83	1110000000010100100111100101011110011100101100101110010000110011011000001001111001001100010001101101	1	0.114	1	0:01:24.098614
84	1100100000101010010011010101100110001011101101001001011010000010001101101110011110111101100101010001	1	0.114	1	0:01:23.318602
85	0101101111101001000100101010010111100001010011100010010101101101101101010110111111111110010011110101	1	0.114	1	0:01:23.242728
86	1111110100100110101001011100000010010010000011100100000010001101001001100011001010011100010000001011	1	0.114	1	0:01:23.837499
87	1100010100001101101111000011010010001110110011100001000100101111111100111010111111101001011000010110	1	0.114	1	0:01:23.105503
88	1010010101101001000111101110101110010100011001010011010101011000000110100110100010110000001100000000	1	0.114	1	0:01:23.015623
89	0001011110011000000001101110000010010010011100111010000111010101011111000010101010000111001010100010	1	0.114	1	0:01:22.562466
90	1001011101100001011110010000001001011000111110101000000001011111011001111001000100000101011101011011	1	0.114	1	0:01:23.142136
91	0101011001010010001011111100110001010011111000010001110011100001101111111011101001001101001001011011	1	0.114	1	0:01:23.377105
92	0100010100000111110101011000111010110001100011011111101000010110001001001011111010111001000110111100	1	0.114	1	0:01:23.355272
93	1010001101100111111111111001100000100011110001010010000010010111101110100101011100010011001011111010	1	0.114	1	0:01:23.226499
94	0000110100100111111101001110111000010011000000110000101001111001010111111111001000011001001000011100	1	0.114	1	0:01:23.634508
95	1001011011011000111101100111110010000100011110000111010001110000100110011100001100110001011111000011	1	0.114	1	0:01:23.020494
96	0001010101010111000001011010110101111100000101011000001111001101010010111101111111110111001101100101	1	0.114	1	0:01:23.570243
97	0111110110001000101111001001001100110000111011111010111011001110011011011010111000011010010111101101	1	0.114	1	0:01:22.942770
98	0101000101101000010000011001110001100001010000100011110001011111000101111011111110000100011110100001	1	0.114	1	0:01:22.099654
99	1010001011000001001010101010101100000101010101000101001000001110110011010110010100100111011101110001	1	0.114	1	0:01:22.042291
100	0010111110010010010111010110111001101001100101000010111100000010001011000110011010110111111000011001	1	0.114	1	0:01:23.136290
101	0001011101010011100100001110010011011010010110011100011001100010010111000000000100010001110010000001	1	0.114	1	0:01:23.345135
102	1111010101000100101001001001000100100000011101101001101111111001001100110001110000000000100110010101	1	0.114	1	0:01:23.121527
103	1010010100100000110101001000011011111011111110010110101111100001110111010001101000110011010010011010	1	0.114	1	0:01:23.409350
104	0001111000111111100000101111010101110010100111000100000111001001001111011011100001001001100011001110	1	0.114	1	0:01:24.055644
105	1110000111101000101011110111100110001000100011011110010111001001110111011000011111100010001000000111	1	0.114	1	0:01:23.763598
106	1000001011100101110100001110111111100001001101001100111110001110110001001101111110000111101011001001	1	0.114	1	0:01:23.704130
107	1001111111011011101011110101100010001000000010111011000011111111001101110000100110101101110011110000	1	0.114	1	0:01:23.939683
108	1001011110110111011110001011101101110010101010101111111011111001101000011001110001010110010000100001	1	0.114	1	0:01:23.406227
109	1101110111111011000111111111110000101000100011000010000111100100000001100110111100110011101011001111	1	0.114	1	0:01:21.150651
110	0100000101011011101110110101011110000101011111010101001010000010000011101011011000001010011000111111	1	0.114	1	0:01:22.963886
111	1101110011110010101011001011101111100010010000011000011010111100000011110101110100001110110110100100	1	0.114	1	0:01:23.831992
112	1011100110101110100110011000011111011000111010111010001010010111010110011010001011011000101001111101	1	0.114	1	0:01:24.044762
113	1000100000101000101011100110001101101011001000100000001001000010100011111100110001111101010011010101	1	0.114	1	0:01:23.343028
114	0001000000100111111101100011011110001100110111001101111011100101001011111011101100110110111100111000	1	0.114	1	0:01:23.703142
115	1110110110010001111110010100101100000001110011110011000101100001100100110111100001111101100011001000	1	0.114	1	0:01:23.492114
116	0101011110100111111100011101001100100111101110010000110110011100010010111101111110100010001011011001	1	0.114	1	0:01:23.186183
117	1100111110111100000110111010010000110100010111000111100110110010101110011110111101010110111001100110	1	0.114	1	0:01:23.415903
118	0111100010100101101111110111000100110100110000010010111011010001100001001010100011010010111000100011	1	0.114	1	0:01:23.520772
119	0011001011000011000111100110000000110101111001010111110101001101001111100000100111110101111100110011	1	0.114	1	0:01:23.429323
120	0110000010000101000111111100001001000100010111001111111011111110100110001101101101110011101000010010	1	0.114	1	0:01:21.401274
121	1001010111001010000010100011001001010111100011010010101000011010010001101110000011111110000010111001	1	0.114	1	0:01:22.387277
122	1111111001110000111100001111000101010001100100101000011000001000111110010011000111111010100100000001	1	0.114	1	0:01:23.170964
123	1001111010110011010110111111110100000100011111101101111010101110111111110000000111100000101100111110	1	0.114	1	0:01:22.760408
124	1110111001110111110011101110011000010001010100001010011101011001100111110111011011101100000101001011	1	0.114	1	0:01:23.299774
125	1100101100000110011000000101001010101101100110011001111010100110000110001000010101001101000001001110	1	0.114	1	0:01:24.311508
126	0101110110101100111101000110010010101010011011010110110001100111111101111110111110100110000010100010	1	0.114	1	0:01:23.374943
127	1111011000010101001011010001000011101001000101101111100001010011010000111010111000011000111100111100	1	0.114	1	0:01:23.107773
128	1001001000001110111110001011000000010101001111010010011100111110000100110111111100000100010010110111	1	0.114	1	0:01:21.751801
129	1010001100100111001100110001011011011101011010001111100011110000101000000100111111111101000111100110	1	0.114	1	0:01:22.330328
130	1001100100111000001011011110100100010010110001111110111001101110110110010101001111100101011110000011	1	0.114	1	0:01:23.906685
131	1101000110100011001010011111011000100000001000011000110111100111110100000011011010000010110011110001	1	0.114	1	0:01:23.462272
132	1001010100011000111011001000111111001110100010011110100010011010110110000010010001000000000000010100	1	0.114	1	0:01:24.120363
133	1001101101101010110111010110110001100001110011101010111011011011111011101001000010010001010011000011	1	0.114	1	0:01:23.934688
134	0000100001110101110001111001101100010101111011011111111011101011000100101010101101110110111011011001	1	0.114	1	0:01:23.884037
135	0011001111011111000001010111111001010000010100101111000001101010000001110110101111110010110100000000	1	0.114	1	0:01:24.562848
136	1000110000011110110110001000011110011111101000011000010100011000111101100001101100010111000100011011	1	0.114	1	0:01:24.109962
137	1011000001011000111111101010001000111111100110101010010110111100101110000001001010001000001001100110	1	0.114	1	0:01:24.359744
138	0010010100001110101111101100000101100101000011011011011000110011011101100011010110100101010101011001	1	0.114	1	0:01:22.903139
139	1110110101111000000110100000001110100100111100001010110000001101111010100110101101111011011110001101	1	0.114	1	0:01:21.862588
140	1010110001011111010100010111101101101001101100100101111100000011010001110010101110100000011110110100	1	0.114	1	0:01:23.462363
141	0000100011000000110111110010110010011100000011001100011111010100011111100010000000000010010010111010	1	0.114	1	0:01:24.507772
142	0101110110100001100111101111111100101001011110011101010100110010101001111000011101100010000011011100	1	0.114	1	0:01:24.552471
143	1011001010010110011110100001010110001011001000101101001101000000001011010000111101100111010000110001	1	0.114	1	0:01:24.504819
144	0110101011011000010011101100001010111010110010000010010000101011001010111100000010001111101110100010	1	0.114	1	0:01:23.640440
145	1111101001000100110010101001001001011010011110111110000011000000010001010100001001100100001110010010	1	0.114	1	0:01:21.583111
146	0101100110010000010110010010010111111011011100101101011000011010101100111000110010011000111101010110	1	0.114	1	0:01:24.203576
147	1110101011001011001111111001011001010011000100011011101111101111111110101000010000110011101001000000	1	0.114	1	0:01:24.053039
148	1100111000111000100010100001001010110011100000110011010001101000001001100001101010111011000101010001	1	0.114	1	0:01:24.340505
149	0011101010000011110100101100110011000000000111100111101010110011110101000101100110110010001101010100	1	0.114	1	0:01:24.221929
150	1111010011010111101011110110000010001110100111001001100010011011011111010100111100111110001001000100	1	0.114	1	0:01:23.069709
151	0110111110010010010111101100110000011101111010001101101101110001011010001001110001111111000001001000	1	0.114	1	0:01:22.013250
152	1011010111011011111100110100000110000111100010101010011101001010110111110101000101100110000110000001	1	0.114	1	0:01:22.932721
153	1100101000101111110101010000100011110111001100010010000001000101110101110011111011100011010011001001	1	0.114	1	0:01:23.732357
154	0111111001011101001010000111000111101011110101100011101000101100100110010010010111100010010001001001	1	0.114	1	0:01:24.517318
155	0011010100111101101100011100100001111101010000100110111001100100000101000110000101001001110110100101	1	0.114	1	0:01:23.734187
156	0000000111000101010100011001110110010010000000110011100010110010100000011001111110100111000000010111	1	0.114	1	0:01:23.421337
157	1100000110000100111000110101010011010010000110101011000001011110100000111111010111110100111010100101	1	0.114	1	0:01:22.382352
158	1110111001101101100001100110011011011101111110011000010110010001001001001110111001010011001111100011	1	0.114	1	0:01:23.762412
159	0110010111100110001101010111111100000001011111010100101011110010110100010101110010100001101001000000	1	0.114	1	0:01:23.256079
160	0000001011000011101000001101101110100000111010011111011100110101101110101100100101011001010000001111	1	0.114	1	0:01:23.708304
161	0011110101000110110100010100100110111010101111100000000000001000101111000111010111100110101111101111	1	0.114	1	0:01:23.947057
162	0100000111000001100101010100110010001010000100011001110001001000000001111100110100101001111011110000	1	0.114	1	0:01:24.855017
163	1100110010110110110110111001010110000110010100010001011001101010001101001001000111101001000001010111	1	0.114	1	0:01:23.085526
164	0111100011000010000111100000010100000010100010011001110010010110001110101111111000000110110010000000	1	0.114	1	0:01:22.955604
165	0100111010100110010011111001110111110100111101101001101110101011001001010110100100000001001010110011	1	0.114	1	0:01:23.732934
166	0110111100101010000000000111101110100100101001001001011001100011111110111010111101110101001111100101	1	0.114	1	0:01:24.259499
167	0101010111101110100110111001111001110000110010000001010001010111111100100000100100101000011000111101	1	0.114	1	0:01:24.678082
168	1111000100111000111111110100010111111011010110000000010110100001101000001010000111110100010110011111	1	0.114	1	0:01:23.505706
169	1100110010010011010000101000111110000010111000100011001011001011000110000101100111101101010100101011	1	0.114	1	0:01:22.261745
170	1100010100101110110001000011011101101110101111000011111010001100001011111101000001010010110111000111	1	0.114	1	0:01:22.449158
171	0101110101100111000001111000000010100110110101111001001010110011111101111001110000100011111010111001	1	0.114	1	0:01:23.425716
172	1000000101010000010111001011101100010111011001111101011111010000000111101010000111111111010111000011	1	0.114	1	0:01:23.711214
173	1101100101110111111001101101001010010011011000001111001010010111000101100100110010101001111010110111	1	0.114	1	0:01:23.869694
174	1110011101000010101011111110010010010011011111101110111100001100011010000110011001101110100011000111	1	0.114	1	0:01:23.440951
175	0000011000001011111110100001010100010011101000010000001001011000011000100100000011101011010000110000	1	0.114	1	0:01:23.731498
176	0011100001101111010011110001101111101100010011001111011001101110011110110010111001100110010001110000	1	0.114	1	0:01:23.075629
177	0011001110111011111111001001100001111011101011100011000110100100011110001111001110100110100110111100	1	0.114	1	0:01:21.683399
178	0101000110110101111010010110010001100101010011110010010001111101010000001110101101100100000010111100	1	0.114	1	0:01:22.650561
179	0110001111000101110001100010000100010101001100001101101011000100101011101011111001100101011100110100	1	0.114	1	0:01:23.782620
180	0111111001010000011100110000000110101000001110000011011100111001011011000100100000001110111011001111	1	0.114	1	0:01:24.414402
181	0011011010100010000110001011110011100110110010100001100001000001011100101011011010111010000001101000	1	0.114	1	0:01:24.730425
182	0100101111000001101010001100111110000011110110111010100110000111101001100101100111010011001111001110	1	0.114	1	0:01:21.801123
183	1101111100000100100101101100101011110110000101010011000000010011110110100001110100111000011110101110	1	0.114	1	0:01:22.211915
184	1101100010101010111011010110001110100011001010001110001011000000111110010111110010001010001110101101	1	0.114	1	0:01:24.213708
185	0100011011001011000111011011100101011001110010101100111011100100110010010111000101110010100110011010	1	0.114	1	0:01:24.601103
186	0000011110001100100110011000011011101000001011111110010100111101101100101001101000110111110101111011	1	0.114	1	0:01:24.645187
187	0101000001100000010011110100111100101101011111011100000011100101000000100110000010101101010010001110	1	0.114	1	0:01:24.140146
188	1001100111110101111110110011010100010101111000011110000010101101000111001111101001101101111100000001	1	0.114	1	0:01:21.662345
189	1111101010010100001101110011010101001111000000011011100100010001001110111110110101101111000110101110	1	0.114	1	0:01:22.005712
190	0110001101110100111101010101011010011011011001010100111010010110010010010010101011010101011011101110	1	0.114	1	0:01:23.935175
191	1010100000011011110101011100101101011100011011111000000110110110010010110100010000010101001010101010	1	0.114	1	0:01:24.108938
192	1001011011010011010010100101110111111011111101010110001011010010000110100011011011000011001010101011	1	0.114	1	0:01:24.289721
193	0000000101110001001001011010100111111100010101111001100000100100110000010110111111100010111100001110	1	0.114	1	0:01:25.007983
194	1010011011111111101111001001101100101011000011000001011111001001011110011001000100001001111110011000	1	0.114	1	0:01:21.459808
195	1001010100110100011111001001000010111100110100000010000100000011000010001001000110011101110011101000	1	0.114	1	0:01:22.320137
196	0010000100100000010101111110010001111001101101100001001011111001111001011101110000000110100110110010	1	0.114	1	0:01:24.135387
197	0111110011000110110111011101101001001000100101110100110001011001110011011001011010100101110010001011	1	0.114	1	0:01:24.758435
198	1001101101110111110110000101000001011000111010000101111001110111101000001111101001111100001110010100	1	0.114	1	0:01:24.560031
199	1101101010110011011011110000111011111101000011100010011111111100011011100011010110101100110111110110	1	0.114	1	0:01:23.990700
200	0100100001010011110101001111010001010000010000101000010010011010011010001010010111100111100000000111	1	0.114	1	0:01:20.898924
201	1111010001001111100010101000010100000111001111000100001000111010110101110111011111100100101111101010	1	0.114	1	0:01:22.418455
202	0010001100101100011010001101100011010110101111011110101111110100110100101001001101000101001011111000	1	0.114	1	0:01:24.130704
203	1010100100111100110111101101011110000011110001100010101010111010100101101100110100101000001101100000	1	0.114	1	0:01:23.794823
204	1010111101110101001011110110010001101011011101011010001111010000001001111111100000110101010001110100	1	0.114	1	0:01:24.621857
205	1000001110010000111111101110001001000101101001101111100001011100001011101001111010000101010000110010	1	0.114	1	0:01:23.934927
206	0001000100100001010010111001110110101011001110100001111101101000101110111001100101010011000000010000	1	0.114	1	0:01:23.161137
207	0000001110001110111110111100010111101110000011101101101101111010100101001110001011010011000010001010	1	0.114	1	0:01:22.211018
208	0101011011101101100100011010111010111111111000001110011100001100110100101110111101001000001000100110	1	0.114	1	0:01:23.868307
209	1010000000110011101000111000010000001010110100111011101101011100000001000001111100000111100001111110	1	0.114	1	0:01:24.598822
210	0000010100001101001011001011110000111111000010001101110111011011111110111111011101011001011001111010	1	0.114	1	0:01:24.250586
211	0011111001010011000011010001010010111110111000001110110000010100111010001011010100011000011010110100	1	0.114	1	0:01:23.854758
212	0010010000100001000100011010100101110001000000100001010001110001010101101110010100000100111000010111	1	0.114	1	0:01:21.695409
213	0001111110010000010010010111111100000111100100010100111111010010111100011000001000010101001110100001	1	0.114	1	0:01:20.586017
214	0110010011001000100010011110010111111100000011100100011001110010011111101110111001110101101011001111	1	0.114	1	0:01:22.975267
215	1100101100100010101111011111011111111011110010010100101101001001011100001100000011110111111101111111	1	0.114	1	0:01:23.923309
216	1000100100010111011110000111000010101110100000110111011101101000100110000010100001111000010011000110	1	0.114	1	0:01:24.397447
217	1111011010101101100111010001101011001011101000100101100100100110111011111000100010101110010011000110	1	0.114	1	0:01:24.535316
218	1010100010100010100000011010010011110111101010011011101111100100010101101011000000011001011000001000	1	0.114	1	0:01:22.674804
219	1001011101111100101101110000011011011011100111101011000011111100111110011101011110011000100111010000	1	0.114	1	0:01:21.672047
220	0100001101011101001101110110010010011101011010010001001110010010001111110110000010100000100100011110	1	0.114	1	0:01:23.402924
221	1101111110100010101111011101101000110111110010010000000000101100011101001101000101011010011111001101	1	0.114	1	0:01:24.128179
222	1010011010010101000000000000000001111011111000010110011101110011001101011100101110000010111011101110	1	0.114	1	0:01:23.451496
223	1100011111101110011010001100111110101000101101101101011111010000001001010011110000001111101001011110	1	0.114	1	0:01:24.114317
224	1110001100011010100001110011000111110000001111110110101110101001100000001111100101000001111001010111	1	0.114	1	0:01:23.002254
225	1011110001011000010100111000110001100110101010010100110100000111011010101010000101111101000100110100	1	0.114	1	0:01:21.192069
226	1111011010011001010101000010101000100000100101100011000101001101111001111111011110000000111110100100	1	0.114	1	0:01:23.146605
227	0010010010011111100011111010000010001101000100101110110100000101001000011101110100101111110100100111	1	0.114	1	0:01:23.783069
228	1000011011001001101001010110011111110100111101110100011011000100110010111100011101011101011001111101	1	0.114	1	0:01:24.051935
229	0111011011001000101001010111010011000110011010101001011111111010000101001101100101001100111100101110	1	0.114	1	0:01:24.564031
230	0111010100000000110110011000001110001010100011101110010111011101101001111001110111100011111111001001	1	0.114	1	0:01:22.831216
231	1011101101111111010011001011000111111011001011101110000000011000000001000011101001001110101110110001	1	0.114	1	0:01:21.444356
232	1110010111100111000101111110010110100101100010110101000000011100100010011100010100101100001001100001	1	0.114	1	0:01:22.076123
233	1000111011011110100100010111110101011001001001001100100011100011001000100000010011110010101000011101	1	0.114	1	0:01:24.857968
234	1101000101011000000011011011010111111001010010010100001001111001000011011001000111000010001101001001	1	0.114	1	0:01:22.863797
235	0010001000000110101111110100101010001001010010101101001101011010010011110101001101011011101110110001	1	0.114	1	0:01:20.166806
236	0000010110000110110110001100101101011000001000011001100101010001010111011001101001000110110111110100	1	0.114	1	0:01:19.562778
237	1101000011000011101101111011011011111101110010110100100100101011100001001000100100101101001110101111	1	0.114	1	0:01:18.505743
238	1111001110000000110011010101010100110010110010110010111100000010010000110100111011101101111101000001	1	0.114	1	0:01:19.072152
239	0101000101101110101000110000111001100010011100111000100001010011010101001101011101111000000100011000	1	0.114	1	0:01:18.253731
240	0100010010111011000001010100111011000011001110101110101011110101011110011101100110010010100010110001	1	0.114	1	0:01:18.381916
241	1100010110001000000001001111111000001101111011011100101000011101001101010111001100111101110100100001	1	0.114	1	0:01:17.814746
242	1000000101000100110110110010111000010000101011000110111100100111001000100010110100110001000000011010	1	0.114	1	0:01:18.471545
243	1000010010001010110101010110110011001110101100001001101000111101101000000110010010111000010101011110	1	0.114	1	0:01:18.454684
244	1101111010111110101010011111000010010100110010010000000110011011010011011010001011110101101001010000	1	0.114	1	0:01:18.900492
245	0010110000000011011011110111000100001010001001110110101011111101100001000010010001101111100010100100	1	0.114	1	0:01:17.562363
246	0000001000010111000111000011010001111101010101001000011111011001101011101001111100000100010111110000	1	0.114	1	0:01:18.852834
247	0000010101010011000111111101001111000101010111111001001001111111011101001111101010010100101110011100	1	0.114	1	0:01:18.367913
248	0001100000011101100110110010010110001110101010011000111011111010000100110111101111011001010100110001	1	0.114	1	0:01:17.705178
249	1101111111111100110100010001001111011101000111011001100001000101110100100111111100011101000000101111	1	0.114	1	0:01:17.864003
250	0000100010101010100000000001010101000010001110110101110010101101110011010010000000110111101110010011	1	0.114	1	0:01:20.405716
251	0010001100100000101110110100111011111111110101101101011000110111100001000000000100110010111010011000	1	0.114	1	0:01:18.542913
252	0000010100110110010110001100011001001011011010111001011101000000101101010101101110001111001000010010	1	0.114	1	0:01:19.670912
253	1000110110011110110110010100110000011011100111000010001011101001110001100010010101101011111011011111	1	0.114	1	0:01:17.521235
254	0000010010111111001001100010000101111001010100111111100101100101111010010101010011100010000100011101	1	0.114	1	0:01:16.908786
255	1010110010110010110101101001100010001001101111111001001010011001011100000011101000100011000101110010	1	0.114	1	0:01:18.243551
256	0000101110100011000100001111100100110010010110001011100110100010111100011101000110000100010011100101	1	0.114	1	0:01:18.975978
257	0001100011110011110111011011001101000111101101101100010100111010001111000100011011100100111101111000	1	0.114	1	0:01:19.962917
258	0000010100110000011101110001011101010110110011101111010010010000010011001110110100001111011111101100	1	0.114	1	0:01:19.777104
259	0000011001100001110011101111010101010111000110000110100101100110000011111100010100011110100011011011	1	0.114	1	0:01:18.721805
260	0001010011000100111011010101011110110101100000100110101101110101001010000111011011100000010100110010	1	0.114	1	0:01:19.160538
261	1010110100101100110011001011001011101101000110101101011011011111100101110111011111011000101111110010	1	0.114	1	0:01:19.224729
262	1100010000001111101110010010110001101010011110110000110111000010110101101111111010110110110100101011	1	0.114	1	0:01:18.345818
263	1001100110011010001100111011010110110110010000011010100011000110000011000101111011100001000110011101	1	0.114	1	0:01:19.089077
264	1101100100100000110000110011101100001110001111010100001100100011010000110010001110001011011110100011	1	0.114	1	0:01:17.919352
265	0110111100111000000100110011001001000010011100111101000111000000101001001001011010011000000001100101	1	0.114	1	0:01:18.808566
266	0000100111000001001110011000111101110111110011110110010101000011011101101111101101100111001011111001	1	0.114	1	0:01:17.499148
267	1010010111001000110110111101011101011100001110101011000101001110000101011101011001110101011000110000	1	0.114	1	0:01:18.558120
268	1000010111111100011011111111011001100010001110011011101100111001111100001000000101110101010001000000	1	0.114	1	0:01:18.356116
269	0110011000101000111100001000001111001111010000101011100000110111000010000110000101000101100000000011	1	0.114	1	0:01:17.231493
270	1011100011010010011010011100010001001011001101101001111011011111111010110010010000110110000101101000	1	0.114	1	0:01:19.113576
271	1000110011110011010011000001000010111010101011010100111000111011001110010101011111000010101000001010	1	0.114	1	0:01:19.996313
272	0100001010001101000011101101100101110001010111001011001011010101001001100100000001001010100010101111	1	0.114	1	0:01:18.685730
273	1111000011101010111100001110100000110000001011101010000001010011010100111010111101010011011111001010	1	0.114	1	0:01:18.011228
274	0100011101100101111110100001101001110110000110101001000101010001000101100101101111101010111001001011	1	0.114	1	0:01:20.017192
275	1101011001110110100001100000011101001011111010000001010111110111011001000010000000000100100110101111	1	0.114	1	0:01:18.008785
276	1001001010110001101011000110010101111100101001100010011111100100000101111000111111101111111100011101	1	0.114	1	0:01:18.663321
277	1110101100101000101100100011000100010111110100111001010011000000011101010000100001110100010001101110	1	0.114	1	0:01:18.158907
278	1011101010000010110000000010111101000111100110110001001011110110110100101001011101000000001110111101	1	0.114	1	0:01:21.340280
279	1111110000100010011000101100101111011011100110010010101110010001110000011010101010000100111011000111	1	0.114	1	0:01:20.068053
280	0111100101001011111011111100100010111010100000010010101011111001100010100111001001001010001111101101	1	0.114	1	0:01:18.862318
281	1010111001011001110101100110100110001101011110001000110100100010001100101111000110100111011001100100	1	0.114	1	0:01:18.307557
282	0111011111001000101001010011011001110000011111111000100110110110100110100011100001011001001011001110	1	0.114	1	0:01:18.325108
283	0111101000001001011100000100010000001011010100000100100100111001100100000000101110010001110111110010	1	0.114	1	0:01:17.702163
284	0110001010011010111101000110001011011000111001111111100000010100101001010001101101001101101111110010	1	0.114	1	0:01:19.146271
285	1000011000101110101011000011000010000000110010111110110110110000000011000100001100000000001000101100	1	0.114	1	0:01:20.001120
286	1110011110001000000110110111100000000111100011011000101011101111011100001100101010001001010101001011	1	0.114	1	0:01:17.812276
287	0010000001110111111001101111011001111000000011000001110001111101101001101011011010110011001100000000	1	0.114	1	0:01:19.046927
288	0101010001100011100010111011010001111100100111011101110001100011011011001111111010010111000010110011	1	0.114	1	0:01:19.693128
289	0001111010101000111100011011101101110000000111011111010000100011101101000100101000000000010010000110	1	0.114	1	0:01:18.404061
290	1100010100010101100100101001001101000001001011101111001110010101101111110010111110110011100101111000	1	0.114	1	0:01:18.004685
291	1101011010000001100010000101110000011110110010101011001100001000010001111001100001110001110101001000	1	0.114	1	0:01:17.238009
292	0001010000001000110010110111001111110101011111001011010010110100000010101101100001100010011001001000	1	0.114	1	0:01:18.305444
293	0000110101011011111001111111001110100011010110111000001111101110111011000100101100010110000101100100	1	0.114	1	0:01:18.025070
294	0010100001001000001100100000001000010010111011001111101111001110110001001101000011000111110111011001	1	0.114	1	0:01:17.206038
295	1110010010111111001000011111110000011101001000101000100011100110111101110011000011111000000011101011	1	0.114	1	0:01:16.848132
296	0011111010001000111010111100111001000000101010001111110110110001110001111100011000100100001100110011	1	0.114	1	0:01:18.877855
297	0011010111011101000100100011011010001010011101001011001100001110011010111111001111000111111100111000	1	0.114	1	0:01:18.969712
298	1010110111100001100001010000100001101101000000110000110100100000001010011101011100100111101110000111	1	0.114	1	0:01:19.545533
299	0011111100000110100100011110001111111100101011011111011101011010101001000111010011100100001010111001	1	0.114	1	0:01:17.143868
300	0111110111101000101000100101111000101001001100010110000110001001100010010010001011110010000111111010	1	0.114	1	0:01:17.305140
301	1100010000101011101110110100000111001000000011011010010110100011111001000000110001101110110111000100	1	0.114	1	0:01:18.431871
302	1000101110001000010001111001001100111110011001010110011100110010111010010101111100000011010001100010	1	0.114	1	0:01:18.102445
303	1000110101000110010010010101110000101111010000100011000000110101001010111101000101110001000010111101	1	0.114	1	0:01:20.071316
304	0111100011011111100110011010110000111101010111110111111011011010110100000111001111010111110000000001	1	0.114	1	0:01:19.022845
305	0100000101011110000011110000000011011011111010001111111011001011010100101001001111001010111011000111	1	0.114	1	0:01:17.791403
306	0000000000001110000001001011010100101100111001010011001111110010011100100010000001001000111001101101	1	0.114	1	0:01:19.231216
307	1111010000111101001111010001101110100110100111001001011011110000101010001110000111100010100001110001	1	0.114	1	0:01:18.117538
308	1101010110110011011100100010001010101101111001100011001111010111010001011100111001010001111011100011	1	0.114	1	0:01:18.298535
309	1000010110110100000111100100111100001011011101011100001101000100111011011110010011110101110011001111	1	0.114	1	0:01:18.126478
310	1111000011011010000101110111000011000000111111010101011000000101100110001011101011000000111001100001	1	0.114	1	0:01:17.114638
311	1011111101010101000100101011001001001010011010111011100001101110000101011010001011101010100101000110	1	0.114	1	0:01:17.932933
312	0010111011101001010100111100111000100000111000110011001010011010001110011001111001011000111001101111	1	0.114	1	0:01:18.506824
313	0000001010101111011000010011100110101110101101101100001100001111000000111000010111110110110001110001	1	0.114	1	0:01:18.679577
314	0001101101111011100001010001101010011111011011101010111001111010111111101011010000000011011100111001	1	0.114	1	0:01:17.739571
315	0101011110110111111000000110100011111011001110011101111110101001111010011110001010101111111011001100	1	0.114	1	0:01:18.057610
316	1101100010111001100100011011101001000101001110101001000000100000011100010111000101100101111001010100	1	0.114	1	0:01:19.567525
317	0110110001010011101111110000111011001101111001101110010100001001111010111111000111011000100000111101	1	0.114	1	0:01:19.031126
318	0100011000111000000100010101101011110100111100001100111000001000110101111111001011011100000000011111	1	0.114	1	0:01:19.815234
319	1010100011110110100100010110001010100000011010111111101010001000010011000010011000100010000011010011	1	0.114	1	0:01:17.711291
320	0001100101111011101100000101100000011010010001101000110010110011010111001110100100101101000010011101	1	0.114	1	0:01:18.388448
321	0100011100000101000101110010001101110010111110111100110101110100100000001111001010000001011110001111	1	0.114	1	0:01:18.986899
322	0111101001111011000111100010110100110111100001011101001011100101001101100000001011000011000100101011	1	0.114	1	0:01:17.935032
323	1000000011111111001100101001010000100001100111010000111011011011111110101010110011011110111011110100	1	0.114	1	0:01:18.555610
324	1000100010001101101111001100000000001001010011001001100001101101000001100011111101101101000101101001	1	0.114	1	0:01:19.626571
325	0010010011110001000010000010100111001100110100101110110101100111001100110100011101110100010110101110	1	0.114	1	0:01:18.079799
326	1011101111100101010011100010110101110111011011101101001000010001001100000001001011010001111111111010	1	0.114	1	0:01:19.755386
327	0101000000000100110011000000110111100010001111110110111001011000111100101101001110011110100001010011	1	0.114	1	0:01:17.883960
328	0000000100000101101010110010001110100101001000111111010010011100011011111010001010111010101011100010	1	0.114	1	0:01:18.325016
329	0001110010001001111010111111101011000001101001111110111111010010010010010010000001110000101111000100	1	0.114	1	0:01:18.168133
330	0110111110110110111011001101010001111111010001000110100001111111000010111010100101010101111010100000	1	0.114	1	0:01:18.893813
331	0101010111110111001010001010111011111110001000110100100010001101100101101101000000001101100010011111	1	0.114	1	0:01:18.012292
332	0111010100100101111110000100111010010100011100110111100011111010111111001010111010110000101001010100	1	0.114	1	0:01:18.198840
333	0110010000011001100100000110000100011110010000111111001101101010101111010100101110101101110111100111	1	0.114	1	0:01:19.471359
334	1010001010110110000100101001001011001000110001111111010101111101011000000100000101010110101111000001	1	0.114	1	0:01:19.069792
335	0111101111111001111010101010111010110100000010110110010001011001010001011000111001000010000001111010	1	0.114	1	0:01:18.411056
336	1111110011000111000110001110010001111111101110001111100001001110011011101010100110010001010100101111	1	0.114	1	0:01:18.273712
337	1010111010001100001001000001100101001101111001000110000011000100010000001101001110001000010000110000	1	0.114	1	0:01:17.845706
338	0101101010100111100100010001101100101110110011001011110111100101001001100101000011001100110110001100	1	0.114	1	0:01:18.113807
339	1110110000000110010110010110001001001101100001100000001010000000001101001000000110010011011110111010	1	0.114	1	0:01:18.840102
340	1110100011100110110001000110100000010000101001110101110010111000010011110101110101110111011001001101	1	0.114	1	0:01:17.804670
341	0111010010000011011100001101011100100101000110111000110100101011001000111001110100010010111100101000	1	0.114	1	0:01:18.250390
342	1101100110000010111011111101101011100110000100111100010111111001111111111010111110000111000011110111	1	0.114	1	0:01:19.564651
343	1010001011111111111000000111100000000000111011010110000000010100101110000100110011011110100001001110	1	0.114	1	0:01:17.633280
344	1001100001001100010101110110001000011011100010001000111010100101100011011111100100101001000010101100	1	0.114	1	0:01:18.259729
345	1011010101111101010111111000111100011011110001100010100011000101011001001011001100000101101111001010	1	0.114	1	0:01:18.395472
346	1000001010111110100101100001101111011110100011101011010110011011100000100011111010000010011010011010	1	0.114	1	0:01:18.950746
347	1000000011011110000101110011100000000011011110100101101110100001111000010001101111001011110100101110	1	0.114	1	0:01:17.792199
348	1110000001001011101111110000100100011011001110100001110100000011101001001101100101001011001101000010	1	0.114	1	0:01:19.517291
349	0101101001010000100011000001111111011100110011111110000000100110011011000100111101111011101010001100	1	0.114	1	0:01:18.225923
350	1100000011101110001101110110000101101001110110100010000000111010011101101100001111010010010010100100	1	0.114	1	0:01:18.445942
351	1111011011101100001001111111110001101111011110000010011010100100001101011010100111011010110011001000	1	0.114	1	0:01:17.960789
352	0111100001100010100101001111010000110011001010111110011011000001011011010111110010100100000001101011	1	0.114	1	0:01:18.101058
353	0010010111111000101000111010001001100000010001010110011100001000110000111010001100100101110101110100	1	0.114	1	0:01:18.780704
354	0111101110011011111100011010011011110111100111011000111111110111111001010011111000010000101101010000	1	0.114	1	0:01:18.417346
355	1110001110001000110100011000010001101001100110001111001001001100111111110101010001111100000001000011	1	0.114	1	0:01:18.089682
356	1011100001011111001110010100110100011000101101101100011011001001100101110001010011001111110111010000	1	0.114	1	0:01:18.627513
357	0101111101000100101011001011011000001101000100110100110010111100011010110010111010110010010011101010	1	0.114	1	0:01:18.743334
358	1111010101101010011110110110011111001110111010110010001101101110111101001101101010101010000100011001	1	0.114	1	0:01:16.963811
359	1010111000100110001011111001011101001110010000001010001101010011110000000000100100011011001101010110	1	0.114	1	0:01:18.061545
360	1010001010110011101011100110111100100010100110010101001000101110111110011001100001010111101111001000	1	0.114	1	0:01:19.318237
361	1111101001010000110000110111111110000000001110000110011011010111000110111110111100000110010101000101	1	0.114	1	0:01:20.313610
362	1001100000001010001111000110011011011111101100011111101010011000000011000001001100010101001000101001	1	0.114	1	0:01:17.996242
363	0101000110010000111010100110011110101100111011011110001110010011000001100010010010110100000100111011	1	0.114	1	0:01:19.003120
364	0111111110011101110010111100101110010010101000001000001000101001111010111111111110011000110101100010	1	0.114	1	0:01:18.705414
365	0001000011010111110000100001011000100011100001001110110101000110001010101001001101100110100010110001	1	0.114	1	0:01:18.638317
366	1011110001101101010100001110001111101101111001110011011001001011101001110111001100110111110100000101	1	0.114	1	0:01:18.142129
367	1000010011111010001110111001001011010000101110000110100110001101111010001001010111100101101010100001	1	0.114	1	0:01:17.923906
368	1001101000101100111110001100000101101001010110100111100110101010111001011001001111011111001000100101	1	0.114	1	0:01:17.890524
369	1101010001011110100010101101010101100111101110101011011011100001011110000100111001111010001011110000	1	0.114	1	0:01:19.439543
370	0110110010001110110100101000111101010100000111001111001110110010000111111000000000101101011101111011	1	0.114	1	0:01:19.012696
371	0111001101111110011000000111000101111011101101010010011100001000101110000001011001011001000101100011	1	0.114	1	0:01:18.485985
372	0000100001001100011101001011001101110101111100001010101011000101110110011110110000110110001000000011	1	0.114	1	0:01:19.129914
373	0100110110110110011011111000111010001100111110101100110001101010001100001101100101010110001010010101	1	0.114	1	0:01:18.126135
374	1110110101110100101110100001110111000011000110101011101110100101101010000010011011101000100110111100	1	0.114	1	0:01:19.660325
375	0110010111010110001000111100011010111100101101111010101001010011001010001000011011101000000010010001	1	0.114	1	0:01:18.659515
376	1000010010010111000001011010000010011110000100101111111100111011010000000010110101101110001000110000	1	0.114	1	0:01:18.615874
377	0010101001001100101001011010000001000111000011011001010001011111111111110011101000000001010101101001	1	0.114	1	0:01:19.304806
378	0010010010010101101011111101100001110101011110111110100001010010001111110001011000001111000000111111	1	0.114	1	0:01:18.694818
379	1011001011000000011011110101011001001101001101000010111010000100111111111011110011011000101010010100	1	0.114	1	0:01:18.382517
380	0001100100011010100110001011000111011110001111010110110110110001011111010011101001011000111011100111	1	0.114	1	0:01:18.462579
381	1100000100110110101111110101111111101111101110000011101011110100111101100101101100101111011010001110	1	0.114	1	0:01:18.906442
382	1110011000101101010010000111001011010101001011011001011101110101001101101100001111011101000110110010	1	0.114	1	0:01:18.839760
383	0111101101000101101111011101101100000101110010101111011110110011000000010000101001110110001101101111	1	0.114	1	0:01:18.997200
384	1001000010101000010101100110001101110011010010110101101010000101101101101001010110100011100101110101	1	0.114	1	0:01:19.215125
385	1010100001001010100010011001111110001010011001001010111001110000111001100001111111101011001101000100	1	0.114	1	0:01:17.916694
386	0000010000101110100010000010101000001010110100100101001011101001110011100010110111111011011010110000	1	0.114	1	0:01:19.062045
387	1000101111101110001101010110101111010100001001000111001000101110001010111101111100010000001110010011	1	0.114	1	0:01:18.458975
388	0101011001100010011011101000001000101100100000010011011100110110111111101000001010010010010111101011	1	0.114	1	0:01:18.886719
389	0010100001011101010011111000110110000010101010101100010101111111010111100011000010111100100111010111	1	0.114	1	0:01:20.414098
390	0110010010011001011110001001011001100100010000110001010111111110010011100111001011100111011011001101	1	0.114	1	0:01:19.744538
391	1100001001000000000110000110010000001100000001101100111110110000010011110011010011000111011011100001	1	0.114	1	0:01:18.182368
392	1010011101110011101001111011001110100001000100110111000100011110000111000100100010110111000001111100	1	0.114	1	0:01:17.455373
393	1110100010010100010000100011000011001000111010000110001000000001000111101110110110100100010011011000	1	0.114	1	0:01:18.419547
394	1100101000010001111001101111001100100100011010100011011110110111010010110011110000011101110101000010	1	0.114	1	0:01:18.527987
395	1011011111011100111100101111011101010001100001101011100101111101110101110101010001001100001111100000	1	0.114	1	0:01:19.980926
396	1100001101001001101000001111111011111001111110000101111010001110010011111001100111000010111001000001	1	0.114	1	0:01:20.480844
397	1101010111000011110111101101000010000100100010110011000101010111100011110011111110111001001010011001	1	0.114	1	0:01:18.117235
398	0101001100010111110101110000101110001000010001000010010101111101011001101010000101000011000100100100	1	0.114	1	0:01:21.364937
399	1000011011010101111000110001001001010011000111011100111000110001100110011011001001111011011001100001	1	0.114	1	0:01:19.435270
400	0101100010110100110101110011000101101010010010011100101001101000110100110010101101111000010111001100	1	0.114	1	0:01:19.528340
401	1100101011010001100000000101010101011001001001101011101110001011111111111110100000110101101101010010	1	0.114	1	0:01:19.935193
402	0111111010110101001010100110010101110001110111111001001100111010010110111110000100011111100100110100	1	0.114	1	0:01:21.145644
403	1100111010000001010001000111101010010101111110011100111011110110001101001011100010111001001101000010	1	0.114	1	0:01:21.381649
404	0100111010001001110011010111000100110000011010100111010111000010110101100000111011101010111110001111	1	0.114	1	0:01:18.155196
405	1101010010000111111110100010000000001101010110010111110010000101001101010000010110001010101001000011	1	0.114	1	0:01:17.716966
406	1011010101101000100011100110001010101110100010100011011100100010101001111100011101101111101100001110	1	0.114	1	0:01:18.649399
407	0011000111110101100000001001110101101011011011100111011111010100101110110011111110100010010110110001	1	0.114	1	0:01:17.808026
408	1001010111000010100000010001100100011011011111001100110011101011010101110000110011110101001011100010	1	0.114	1	0:01:17.427874
409	0100100001110010000110110011110100111100010101111100010110010001001110010011110101111111100011111001	1	0.114	1	0:01:17.972497
410	1010011011101010110011101011110011100110111010011011101011111111011110110011000000111100111000010100	1	0.114	1	0:01:20.150105
411	0101100110010101011100111110011011101001101001110011011111100001101111001100110001000001111101011100	1	0.114	1	0:01:17.494925
412	0001101001101000000010010111100010011101011110001111011001110110001010001111110111011101101110110110	1	0.114	1	0:01:19.471400
413	1100101001010001010100011100110001011110101110111011011001001111001001111010100010010101011001011111	1	0.114	1	0:01:18.175524
414	0011001101111100001110111000111011000111110111111001111010110101101010010100111100000011001000001000	1	0.114	1	0:01:18.714922
415	0011001110001101000000000111111001110111010001101111100111100100001001001111101111110001011011011000	1	0.114	1	0:01:18.494818
416	0110111010011001000001101000001101110111110000110100110001101000110001010100000000111111010101001110	1	0.114	1	0:01:17.115568
417	0100011101100011110011010100110100101011100110101010001000101010100101001001011001101100110011100111	1	0.114	1	0:01:17.417256
418	1101110000111001001111111011111110111001011000100000110001001011111001001110101100000101100011110110	1	0.114	1	0:01:17.884648
419	1100000011100111101110110111101111010011011101110111101000011000011001011001010101110001010111010110	1	0.114	1	0:01:17.502643
420	0001000110001000111100010000110111000111100011001000010100010111100001001111001100100111011110011000	1	0.114	1	0:01:17.095998
421	0011001101100111010000110101000010101101100111110001111000011110111111100000101011001101011001001001	1	0.114	1	0:01:18.676366
422	0011100101010100001010110111100101101101011100000000001000100011010110010011111000001011011111111100	1	0.114	1	0:01:19.867191
423	0110010001000000110011010101100111000011001001100100001100000011000010100011001001110000110110111011	1	0.114	1	0:01:18.847555
424	0010001011111111110010110010010010001100011100101100110111100110010100100010011100111100110011001001	1	0.114	1	0:01:17.492995
425	1110011001000001100110011110111010010101011100000100011100001010110101110111000100101010001001010111	1	0.114	1	0:01:18.349989
426	0110011001100101110010101100000001001111001101110000000100000011000101000010110101010100001001100110	1	0.114	1	0:01:18.829068
427	0000110101011010011011010100100111001100010011111000010111010101110000111001111100111111101010000110	1	0.114	1	0:01:17.705902
428	1110011001011011000100100000011011011110100010011100110010111100010011000100000011011001011110110010	1	0.114	1	0:01:18.451887
429	0001101001011101100010110100101101011111010000111011111101110111111011101001100110100111101100000000	1	0.114	1	0:01:18.449261
430	1111010101110001100000000000111101100100000001100100000010101100110011010101010010010010101100101101	1	0.114	1	0:01:19.941144
431	1000001010010110101110101101110101110101111000100011111101011100111010001011101100100000101110101110	1	0.114	1	0:01:17.511584
432	0111101000100011011110100111100000101101011100101100001110001010010001100000001010001111100000001101	1	0.114	1	0:01:18.011783
433	1001010111010001000101011000010000100100100000100001101010101001101000001100010110011000001000111000	1	0.114	1	0:01:17.930910
434	0111001100010001011011000001110010011000010100110010110010011011000010111001101110100011101111000010	1	0.114	1	0:01:18.432730
435	1100010001001010010010101100011011001000110111100010111110101100111110000000111101001111110011101111	1	0.114	1	0:01:19.469830
436	0110001011100001111110100111010111111111010001011100110111110011001001111100001110101101000010000001	1	0.114	1	0:01:18.293198
437	1011111001011010101100111001100110010110111100001001101110000000111101001001000110101110111110101010	1	0.114	1	0:01:18.472253
438	0111000100011101100001101000000101001011100000100111000100000001110111111111111110010001001000001101	1	0.114	1	0:01:19.116302
439	0000011110000000011111111010111010100010000111010111111110101011001011011111010010110111111011110010	1	0.114	1	0:01:18.202897
440	0001101101000110111110000110110100000011001101100001110001100111110011001100100000000001011110100100	1	0.114	1	0:01:19.066607
441	0010000111100000000010001111010110111011110010100000100000100101111111111111010010111100111101010100	1	0.114	1	0:01:16.620622
442	0110010011100001100111000111011011000011000000001101000100101100110110101000001110100111110011001100	1	0.114	1	0:01:16.850706
443	1001111110000101001110110010000101010100011010000010110110010111101001001001000010100111110000111111	1	0.114	1	0:01:18.533310
444	1100100110010010110100001111110011100101101010111101011101000011100001010000010010010001011101100011	1	0.114	1	0:01:17.985785
445	1011000011011110100010111001011001101110001000001111101000001001000000100000000110011001000001011011	1	0.114	1	0:01:17.819208
446	1011100010101101000010101100111100111001001100001001101101101010111010010011110001111001001000100011	1	0.114	1	0:01:18.944081
447	1111010101011111000111101100011111111001010101101101111101000011001111000001000101011010010101010000	1	0.114	1	0:01:20.171793
448	0011011110001100110101000010100010101110011100110100010100111010101001011110110010101011010000010101	1	0.114	1	0:01:17.573552
449	0101101111001011011101111001111111100110110001111010111001100110000010010110001110110010000110110100	1	0.114	1	0:01:18.545897
450	0110110100010011110100001011100110010101111011010101000010010111110011011010100110010000001011011100	1	0.114	1	0:01:17.885111
451	1100001100110010110100111100101110111001110111111100100101111000010110101010000101100110110110110101	1	0.114	1	0:01:17.464752
452	1111110001011100010001011011101111110011110011010011111011011010111100111010100110110010110000110111	1	0.114	1	0:01:18.109148
453	1111010010100010010000101111111110111011101000111100001010010110010101000011000100001110101101110011	1	0.114	1	0:01:16.944408
454	0000000001000100000100111001111110001001111101000110100011111100010011010110000011000111011010101011	1	0.114	1	0:01:18.105442
455	1101101100111010100011111101101011100000001100110001101101001010011111010101100001110010000011001000	1	0.114	1	0:01:19.500602
456	1111010010100110000011000010011001001000011111001010010011100011110110110001111100111111010110110000	1	0.114	1	0:01:16.454154
457	0110000010001110011010001100011101110111101110010001000010110000001010011010001001101000001110100011	1	0.114	1	0:01:17.454702
458	0000001010001001110001011101011011110001111011001010000110111101100110000101110101110000010000110101	1	0.114	1	0:01:16.954338
459	1000001101111110110101010000101001010101111000100001100110011011101001001101010110111111011000000100	1	0.114	1	0:01:17.749066
460	1111011110010111110000001100011000010111101111100110001110101111011000001110110010100110111111110110	1	0.114	1	0:01:17.284623
461	1101111000000000110010000110100011100011011101110010011011010001100001100110010001011101011000010001	1	0.114	1	0:01:17.395995
462	0011111000000011100111011011001101000111111000101011101010101111100101101100110101100111101111101001	1	0.114	1	0:01:19.332626
463	1110110010111011101110011011100001100011101010011110010001011010000101100100111111011101110011110001	1	0.114	1	0:01:18.849302
464	1011100000010101011101010101111100010110001010101010110010100011101001111011001010010111100001101101	1	0.114	1	0:01:16.788809
465	0001111101010001101110010000111001110101111100111111101001000010110101011001010100011011001011000110	1	0.114	1	0:01:16.475681
466	0000110100110001000001001011010011001001100100111101101010010011011111101101000111110010010100101101	1	0.114	1	0:01:17.573979
467	0110011001110011001101111111101010011001010001001011110000010101100111100001010001110000101010011011	1	0.114	1	0:01:16.373155
468	0010111110001110001000110001100100001100111101101100111100101011011010110100001011111001111010100011	1	0.114	1	0:01:18.773394
469	1100100001110101101001101011111011010110110100110000000100100100011111101110010000101000001110000011	1	0.114	1	0:01:16.812474
470	1110111000011110101111001100110011001010011000011111000110000101101100000000000001001010101011100000	1	0.114	1	0:01:16.833765
471	1011111011110101100000010011110000011101001111111010111101100000011111100000111011000000100110010011	1	0.114	1	0:01:16.924912
472	1001100101111111001100111010110100000001100110010101001001101010000100110101000101101010111110100110	1	0.114	1	0:01:16.955170
473	0111100001100000000000101010001000101000000100100010110110001011011101001011001010110110001111010011	1	0.114	1	0:01:17.815825
474	0001111010100110011000110010101010011111000000100111111000000000000111001011110001001001010110111000	1	0.114	1	0:01:18.517076
475	0110110100001001111001101000001111110011110111101111111010101101111110001000110001001001011000011110	1	0.114	1	0:01:17.866571
476	1011111000100001010001110110011110011001000111110101000101010100101100100110010100101001010010110011	1	0.114	1	0:01:16.931942
477	1110010100110010100011111000000101000010011111111010010000101011111001111011110000001001000001110111	1	0.114	1	0:01:17.793435
478	1001001101110011100010101100101101000011000110011000100010101110110100011111000010110001010100010111	1	0.114	1	0:01:18.515983
479	0011101001010010111110001100100011001010000110010011000101101100000111011101110000100101011011101010	1	0.114	1	0:01:15.967745
480	1001101000010000011111111010000011000110011011011111001000010000101101010111011010111000111001101001	1	0.114	1	0:01:15.782240
481	1001011010001101101100111101011001001110100000010111011101011110100101001101100111101010111101001000	1	0.114	1	0:01:16.331946
482	1110001010111100000110011111010011101101011011011101001100101001011011110110001111011011000110001000	1	0.114	1	0:01:16.211896
483	0100001110110101000110001110010111111100100101111100011010111111000111110011110001101011010110110001	1	0.114	1	0:01:16.122646
484	1010001011100010111101010100101011000001001101110001011110001110100000011001100110100101110111001011	1	0.114	1	0:01:15.364969
485	1010011110110100001101011101101101001011100100010101101011111110111010100110111110001011101100011001	1	0.114	1	0:01:15.688072
486	1110001111101111010011000110100100000001100101010100111110110111110010111000001011111010011111001111	1	0.114	1	0:01:16.084339
487	1101011000100011100111010110100000111000000100000000010101110000011101011001100111110101101111100010	1	0.114	1	0:01:15.897163
488	1110010101000111001110111100101110010111010110011101100101010011111010101000000111001101101100011000	1	0.114	1	0:01:15.592503
489	0011110111101011000100111010110010110101001101001010011101010010110110010000100100010011010100101101	1	0.114	1	0:01:15.920479
490	0110010011100001010110011010011000010000110011011011001000001011000000011110000011011111010010101010	1	0.114	1	0:01:16.183499
491	1010111011010101011001111111110010111100000110000000100111100111100001110010000001111110110010111011	1	0.114	1	0:01:15.688607
492	1111101010001011100101100011001011011110001101100101101010000000101001110010011000001100010001001001	1	0.114	1	0:01:15.005283
493	0101010100101101100000011111101111000111100011000000011011101111100000001001100111010111111000111001	1	0.114	1	0:01:15.325732
494	0000010000000111010000110000101111101110111000000011111000000001000101011101011111101000111111101001	1	0.114	1	0:01:15.244985
495	1001110001101100101011000001111010010001001111011001001101010100100100001111101010101111100000100110	1	0.114	1	0:01:15.427839
496	0111100011111101111000010100111011100110100000101010111011001111110101000011111111001110011100011000	1	0.114	1	0:01:15.402284
497	0110101101101000001101101100000101101001010001111011001010100111110000110111101100110110111110110111	1	0.114	1	0:01:15.961543
498	1011111000110111000101101111100010000100000001101000011000010110101000011110101011011001011011000001	1	0.114	1	0:01:15.987527
499	1001010010011110100111110011000111010001010001101001101011001100010100100001010101111111000111001111	1	0.114	1	0:01:15.568023
